SFO   1964   01     4.38  48.2
SFO   1964   02     0.27  50.8
SFO   1964   03     1.95  51.9
SFO   1964   04     0.01  54.2
SFO   1964   05     0.32  55.8
SFO   1964   06     0.60  61.3
SFO   1964   07     0.00  63.1
SFO   1964   08     0.01  64.3
SFO   1964   09     0.00  63.5
SFO   1964   10     1.26  60.9
SFO   1964   11     3.32  51.6
SFO   1964   12     5.42  51.3
SFO   1965   01     4.37  48.5
SFO   1965   02     0.91  50.4
SFO   1965   03     1.76  52.3
SFO   1965   04     3.47  54.5
SFO   1965   05     0.00  55.3
SFO   1965   06     0.00  58.3
SFO   1965   07     0.00  60.3
SFO   1965   08     0.29  63.3
SFO   1965   09     0.00  61.1
SFO   1965   10     0.00  62.5
SFO   1965   11     5.40  55.2
SFO   1965   12     5.02  44.9
SFO   1966   01     2.70  47.6
SFO   1966   02     3.18  48.8
SFO   1966   03     0.59  51.6
SFO   1966   04     0.40  57.9
SFO   1966   05     0.12  57.3
SFO   1966   06     0.04  61.4
SFO   1966   07     0.03  60.5
SFO   1966   08     0.09  62.3
SFO   1966   09     0.08  64.0
SFO   1966   10     0.00  60.4
SFO   1966   11     4.79  54.7
SFO   1966   12     3.96  49.0
SFO   1967   01    10.43  49.2
SFO   1967   02     0.09  51.4
SFO   1967   03     5.04  52.4
SFO   1967   04     5.31  50.9
SFO   1967   05     0.26  58.5
SFO   1967   06     0.86  59.3
SFO   1967   07     0.00  62.7
SFO   1967   08     0.00  62.8
SFO   1967   09     0.01  66.4
SFO   1967   10     0.48  63.5
SFO   1967   11     1.29  57.8
SFO   1967   12     3.50  48.1
SFO   1968   01     5.25  46.5
SFO   1968   02     1.44  54.5
SFO   1968   03     3.03  54.5
SFO   1968   04     0.55  54.9
SFO   1968   05     0.28  56.3
SFO   1968   06     0.00  61.3
SFO   1968   07     0.00  61.9
SFO   1968   08     0.06  64.8
SFO   1968   09     0.00  64.2
SFO   1968   10     0.45  59.5
SFO   1968   11     2.47  54.4
SFO   1968   12     4.49  47.8
SFO   1969   01     8.92  47.1
SFO   1969   02     8.62  48.9
SFO   1969   03     1.34  52.1
SFO   1969   04     1.87  54.0
SFO   1969   05     0.00  59.5
SFO   1969   06     0.06  61.1
SFO   1969   07     0.00  62.3
SFO   1969   08     0.00  63.0
SFO   1969   09     0.02  63.9
SFO   1969   10     1.96  61.2
SFO   1969   11     0.69  56.1
SFO   1969   12     4.59  53.7
SFO   1970   01     8.33  52.4
SFO   1970   02     2.18  54.8
SFO   1970   03     1.22  56.3
SFO   1970   04     0.22  53.7
SFO   1970   05     0.01  60.5
SFO   1970   06     0.36  60.5
SFO   1970   07     0.00  62.9
SFO   1970   08     0.00  61.6
SFO   1970   09     0.00  65.4
SFO   1970   10     0.75  58.5
SFO   1970   11     6.41  55.9
SFO   1970   12     6.21  48.7
SFO   1971   01     1.27  48.3
SFO   1971   02     0.26  50.0
SFO   1971   03     2.68  52.1
SFO   1971   04     0.77  53.0
SFO   1971   05     0.25  56.4
SFO   1971   06     0.00  60.1
SFO   1971   07     0.00  60.7
SFO   1971   08     0.00  65.2
SFO   1971   09     0.11  66.2
SFO   1971   10     0.03  57.0
SFO   1971   11     0.99  53.2
SFO   1971   12     3.44  46.1
SFO   1972   01     1.09  45.6
SFO   1972   02     1.35  52.0
SFO   1972   03     0.18  55.3
SFO   1972   04     1.20  55.4
SFO   1972   05     0.00  57.6
SFO   1972   06     0.06  60.9
SFO   1972   07     0.00  64.3
SFO   1972   08     0.00  64.0
SFO   1972   09     0.30  62.6
SFO   1972   10     5.24  61.0
SFO   1972   11     5.15  53.2
SFO   1972   12     2.40  44.9
SFO   1973   01     8.32  48.0
SFO   1973   02     6.82  52.9
SFO   1973   03     2.93  51.4
SFO   1973   04     0.11  56.7
SFO   1973   05     0.07  58.7
SFO   1973   06     0.00  63.5
SFO   1973   07     0.00  62.1
SFO   1973   08     0.00  60.7
SFO   1973   09     0.04  63.5
SFO   1973   10     1.60  60.7
SFO   1973   11     7.94  53.9
SFO   1973   12     3.55  50.0
SFO   1974   01     3.21  48.6
SFO   1974   02     1.70  49.7
SFO   1974   03     4.21  53.4
SFO   1974   04     2.32  54.8
SFO   1974   05     0.00  56.2
SFO   1974   06     0.14  60.4
SFO   1974   07     0.23  63.0
SFO   1974   08     0.00  63.7
SFO   1974   09     0.00  62.5
SFO   1974   10     0.93  62.0
SFO   1974   11     0.50  53.8
SFO   1974   12     2.36  48.6
SFO   1975   01     2.60  47.4
SFO   1975   02     3.94  50.9
SFO   1975   03     5.91  51.4
SFO   1975   04     1.66  50.6
SFO   1975   05     0.02  58.4
SFO   1975   06     0.04  59.8
SFO   1975   07     0.13  61.8
SFO   1975   08     0.21  63.0
SFO   1975   09     0.00  61.4
SFO   1975   10     2.27  58.8
SFO   1975   11     0.26  52.2
SFO   1975   12     0.21  49.3
SFO   1976   01     0.37  48.5
SFO   1976   02     2.13  50.5
SFO   1976   03     1.22  51.0
SFO   1976   04     0.92  53.3
SFO   1976   05     0.00  58.3
SFO   1976   06     0.01  63.2
SFO   1976   07     0.00  62.5
SFO   1976   08     0.66  64.3
SFO   1976   09     0.30  63.3
SFO   1976   10     0.34  61.3
SFO   1976   11     1.37  57.0
SFO   1976   12     2.70  48.8
SFO   1977   01     2.22  47.0
SFO   1977   02     1.04  53.2
SFO   1977   03     2.01  50.9
SFO   1977   04     0.00  55.5
SFO   1977   05     0.41  55.8
SFO   1977   06     0.00  60.4
SFO   1977   07     0.35  62.4
SFO   1977   08     0.00  64.1
SFO   1977   09     0.47  63.5
SFO   1977   10     0.15  60.5
SFO   1977   11     2.20  55.3
SFO   1977   12     3.69  52.3
SFO   1978   01     8.90  52.5
SFO   1978   02     4.92  52.8
SFO   1978   03     4.90  57.0
SFO   1978   04     4.50  54.9
SFO   1978   05     0.02  60.4
SFO   1978   06     0.00  60.4
SFO   1978   07     0.00  61.4
SFO   1978   08     0.00  63.2
SFO   1978   09     0.26  65.8
SFO   1978   10     0.00  61.1
SFO   1978   11     1.67  52.5
SFO   1978   12     0.64  46.0
SFO   1979   01     6.61  47.5
SFO   1979   02     5.87  50.3
SFO   1979   03     2.74  54.5
SFO   1979   04     0.69  55.5
SFO   1979   05     0.13  60.4
SFO   1979   06     0.00  61.0
SFO   1979   07     0.09  63.8
SFO   1979   08     0.00  63.7
SFO   1979   09     0.00  67.3
SFO   1979   10     2.20  62.6
SFO   1979   11     1.94  54.1
SFO   1979   12     4.30  50.9
SFO   1980   01     4.85  50.5
SFO   1980   02     7.62  54.4
SFO   1980   03     2.65  53.0
SFO   1980   04     0.90  55.9
SFO   1980   05     0.24  56.3
SFO   1980   06     0.03  59.9
SFO   1980   07     0.10  63.0
SFO   1980   08     0.00  61.5
SFO   1980   09     0.00  63.2
SFO   1980   10     0.10  61.2
SFO   1980   11     0.12  55.6
SFO   1980   12     1.73  50.7
SFO   1981   01     5.92  51.1
SFO   1981   02     2.21  54.0
SFO   1981   03     3.60  53.2
SFO   1981   04     0.24  56.2
SFO   1981   05     0.07  59.0
SFO   1981   06     0.00  65.0
SFO   1981   07     0.00  61.7
SFO   1981   08     0.00  63.0
SFO   1981   09     0.28  62.7
SFO   1981   10     2.35  58.6
SFO   1981   11     4.89  56.3
SFO   1981   12     3.91  52.2
SFO   1982   01     8.81  45.1
SFO   1982   02     2.82  51.7
SFO   1982   03     7.63  51.3
SFO   1982   04     3.25  54.6
SFO   1982   05     0.00  57.4
SFO   1982   06     0.06  59.7
SFO   1982   07     0.00  61.7
SFO   1982   08     0.00  63.3
SFO   1982   09     0.96  64.0
SFO   1982   10     1.95  61.1
SFO   1982   11     5.34  52.3
SFO   1982   12     3.99  48.9
SFO   1983   01     6.83  48.0
SFO   1983   02     6.64  53.4
SFO   1983   03     8.50  54.1
SFO   1983   04     3.11  54.7
SFO   1983   05     0.32  57.8
SFO   1983   06     0.00  61.5
SFO   1983   07     0.01  65.1
SFO   1983   08     0.00  66.9
SFO   1983   09     0.57  68.3
SFO   1983   10     0.10  64.4
SFO   1983   11     6.03  55.5
SFO   1983   12     6.23  53.4
SFO   1984   01     0.46  51.3
SFO   1984   02     1.47  52.9
SFO   1984   03     1.36  57.0
SFO   1984   04     0.68  56.0
SFO   1984   05     0.00  61.8
SFO   1984   06     0.03  61.3
SFO   1984   07     0.00  65.6
SFO   1984   08     0.11  64.4
SFO   1984   09     0.05  69.7
SFO   1984   10     1.96  60.4
SFO   1984   11     6.12  53.8
SFO   1984   12     1.89  47.7
SFO   1985   01     0.74  46.4
SFO   1985   02     2.35  51.6
SFO   1985   03     3.30  51.4
SFO   1985   04     0.12  59.0
SFO   1985   05     0.05  58.6
SFO   1985   06     0.29  65.2
SFO   1985   07     0.03  64.8
SFO   1985   08     0.02  64.0
SFO   1985   09     0.18  63.2
SFO   1985   10     0.69  60.7
SFO   1985   11     3.19  52.0
SFO   1985   12     1.61  47.1
SFO   1986   01     4.04  53.7
SFO   1986   02     8.09  56.3
SFO   1986   03     5.84  57.1
SFO   1986   04     0.39  56.2
SFO   1986   05     0.15  58.6
SFO   1986   06     0.00  62.5
SFO   1986   07     0.01  62.4
SFO   1986   08     0.00  61.2
SFO   1986   09     0.47  62.9
SFO   1986   10     0.02  61.4
SFO   1986   11     0.06  57.1
SFO   1986   12     1.66  50.3
SFO   1987   01     2.80  49.3
SFO   1987   02     3.52  53.3
SFO   1987   03     1.98  54.9
SFO   1987   04     0.16  59.2
SFO   1987   05     0.06  61.6
SFO   1987   06     0.00  62.4
SFO   1987   07     0.00  63.1
SFO   1987   08     0.00  65.1
SFO   1987   09     0.00  64.0
SFO   1987   10     0.93  63.9
SFO   1987   11     1.64  57.0
SFO   1987   12     4.51  50.5
SFO   1988   01     3.92  50.6
SFO   1988   02     0.38  54.5
SFO   1988   03     0.05  56.5
SFO   1988   04     2.02  58.1
SFO   1988   05     0.29  59.5
SFO   1988   06     0.60  62.5
SFO   1988   07     0.00  65.3
SFO   1988   08     0.00  65.0
SFO   1988   09     0.03  63.1
SFO   1988   10     0.42  61.4
SFO   1988   11     2.31  56.5
SFO   1988   12     3.65  50.4
SFO   1989   01     1.25  48.3
SFO   1989   02     1.28  48.4
SFO   1989   03     4.00  54.9
SFO   1989   04     0.78  60.8
SFO   1989   05     0.04  59.8
SFO   1989   06     0.01  62.7
SFO   1989   07     0.00  62.8
SFO   1989   08     0.00  64.0
SFO   1989   09     1.24  61.4
SFO   1989   10     1.40  60.8
SFO   1989   11     1.34  56.4
SFO   1989   12     0.01  50.1
SFO   1990   01     3.06  49.9
SFO   1990   02     2.28  49.2
SFO   1990   03     0.79  53.3
SFO   1990   04     0.20  58.5
SFO   1990   05     1.55  59.0
SFO   1990   06     0.00  62.3
SFO   1990   07     0.01  64.5
SFO   1990   08     0.00  66.3
SFO   1990   09     0.20  66.4
SFO   1990   10     0.19  63.1
SFO   1990   11     0.28  56.0
SFO   1990   12     1.79  46.4
SFO   1991   01     0.24  50.1
SFO   1991   02     3.76  55.3
SFO   1991   03     6.07  52.2
SFO   1991   04     0.61  55.7
SFO   1991   05     0.21  56.9
SFO   1991   06     0.11  59.4
SFO   1991   07     0.00  63.7
SFO   1991   08     0.27  64.4
SFO   1991   09     0.04  62.9
SFO   1991   10     1.73  62.8
SFO   1991   11     0.23  57.5
SFO   1991   12     2.70  50.8
SFO   1992   01     2.04  48.9
SFO   1992   02     6.44  56.1
SFO   1992   03     4.12  57.4
SFO   1992   04     0.25  60.6
SFO   1992   05     0.00  63.4
SFO   1992   06     0.39  63.6
SFO   1992   07     0.00  65.8
SFO   1992   08     0.14  63.8
SFO   1992   09     0.00  65.3
SFO   1992   10     1.12  65.4
SFO   1992   11     0.15  56.8
SFO   1992   12     6.04  49.8
SFO   1993   01    11.26  49.3
SFO   1993   02     4.68  52.5
SFO   1993   03     2.34  57.5
SFO   1993   04     0.41  58.1
SFO   1993   05     0.55  62.2
SFO   1993   06     0.16  64.8
SFO   1993   07     0.00  64.8
SFO   1993   08     0.00  67.3
SFO   1993   09     0.00  63.1
SFO   1993   10     0.45  63.4
SFO   1993   11     1.47  56.3
SFO   1993   12     2.19  50.1
SFO   1994   01     2.50  51.5
SFO   1994   02     5.26  50.6
SFO   1994   03     0.24  56.0
SFO   1994   04     1.12  56.8
SFO   1994   05     1.52  58.5
SFO   1994   06     0.03  61.5
SFO   1994   07     0.00  62.1
SFO   1994   08     0.00  64.5
SFO   1994   09     0.10  64.1
SFO   1994   10     0.33  60.1
SFO   1994   11     5.73  49.9
SFO   1994   12     2.49  48.0
SFO   1995   01     8.89  52.2
SFO   1995   02     0.38  54.1
SFO   1995   03     8.75  53.9
SFO   1995   04     1.41  55.0
SFO   1995   05     0.93  57.0
SFO   1995   06     0.60  60.8
SFO   1995   07     0.00  64.8
SFO   1995   08     0.00  63.0
SFO   1995   09     0.00  63.2
SFO   1995   10     0.03  62.5
SFO   1995   11     0.02  58.4
SFO   1995   12     6.41  53.7
SFO   1996   01     6.92  51.8
SFO   1996   02     6.03  54.9
SFO   1996   03     2.89  56.0
SFO   1996   04     1.40  59.1
SFO   1996   05     1.24  60.4
SFO   1996   06     0.00  61.5
SFO   1996   07     0.00  63.2
SFO   1996   08     0.00  62.7
SFO   1996   09     0.00  63.0
SFO   1996   10     0.76  60.9
SFO   1996   11     2.56  56.3
SFO   1996   12     6.97  53.9
SFO   1997   01     7.52  50.9
SFO   1997   02     0.31  53.4
SFO   1997   03     0.25  56.1
SFO   1997   04     0.30  58.2
SFO   1997   05     0.21  64.4
SFO   1997   06     0.24  62.3
SFO   1997   07     0.00  64.0
SFO   1997   08     0.60  66.9
SFO   1997   09     0.00  68.3
SFO   1997   10     0.68  61.8
SFO   1997   11     6.41  57.7
SFO   1997   12     3.87  51.1
SFO   1998   01     8.20  52.8
SFO   1998   02    13.64  52.3
SFO   1998   03     2.05  55.0
SFO   1998   04     2.24  55.7
SFO   1998   05     2.37  57.7
SFO   1998   06     0.03  61.6
SFO   1998   07     0.00  62.8
SFO   1998   08     0.00  64.3
SFO   1998   09     0.09  64.3
SFO   1998   10     0.62  60.3
SFO   1998   11     2.43  54.2
SFO   1998   12     0.96  47.0
SFO   1999   01     2.96  49.3
SFO   1999   02     4.59  50.4
SFO   1999   03     2.80  51.0
SFO   1999   04     2.18  54.6
SFO   1999   05     0.10  55.5
SFO   1999   06     0.18  59.6
SFO   1999   07     0.00  61.9
SFO   1999   08     0.06  63.8
SFO   1999   09     0.27  63.6
SFO   1999   10     0.46  62.5
SFO   1999   11     1.47  57.1
SFO   1999   12     0.43  51.1
SFO   2000   01     5.83  52.4
SFO   2000   02     8.46  53.5
SFO   2000   03     1.74  54.4
SFO   2000   04     1.30  58.2
SFO   2000   05     0.53  60.2
SFO   2000   06     0.14  62.9
SFO   2000   07     0.00  61.4
SFO   2000   08     0.01  63.6
SFO   2000   09     0.07  66.2
SFO   2000   10     2.14  60.0
SFO   2000   11     0.91  52.6
SFO   2000   12     0.44  51.6
SFO   2001   01     3.87  48.8
SFO   2001   02     6.12  51.0
SFO   2001   03     1.02  55.7
SFO   2001   04     1.56  53.6
SFO   2001   05     0.00  62.6
SFO   2001   06     0.10  62.6
SFO   2001   07     0.00  62.7
SFO   2001   08     0.00  63.2
SFO   2001   09     0.11  62.9
SFO   2001   10     0.31  62.4
SFO   2001   11     4.51  57.3
SFO   2001   12     8.54  51.7
SFO   2002   01     1.38  49.0
SFO   2002   02     1.50  53.3
SFO   2002   03     2.13  53.8
SFO   2002   04     0.36  56.7
SFO   2002   05     0.48  58.0
SFO   2002   06     0.00  61.4
SFO   2002   07     0.00  63.9
SFO   2002   08     0.00  64.4
SFO   2002   09     0.00  64.8
SFO   2002   10     0.00  61.2
SFO   2002   11     2.94  57.5
SFO   2002   12    10.75  52.6
SFO   2003   01     1.43  53.8
SFO   2003   02     2.45  52.2
SFO   2003   03     1.17  55.9
SFO   2003   04     4.42  54.3
SFO   2003   05     0.63  58.9
SFO   2003   06     0.00  62.8
SFO   2003   07     0.00  63.0
SFO   2003   08     0.00  66.4
SFO   2003   09     0.00  66.9
SFO   2003   10     0.00  63.2
SFO   2003   11     2.17  53.9
SFO   2003   12     6.41  52.0
SFO   2004   01     3.02  50.3
SFO   2004   02     4.57  52.2
SFO   2004   03     0.67  59.4
SFO   2004   04     0.10  59.4
SFO   2004   05     0.07  60.4
SFO   2004   06     0.00  61.7
SFO   2004   07     0.00  64.8
SFO   2004   08     0.00  66.5
SFO   2004   09     0.04  67.4
SFO   2004   10     3.19  60.8
SFO   2004   11     1.22  55.3
SFO   2004   12     6.42  52.2
SFO   2005   01     4.27  49.7
SFO   2005   02     5.10  55.0
SFO   2005   03     3.74  57.2
SFO   2005   04     1.70  56.8
SFO   2005   05     1.15  61.5
SFO   2005   06     0.30  61.9
SFO   2005   07     0.00  64.4
SFO   2005   08     0.00  63.4
SFO   2005   09     0.08  62.4
SFO   2005   10     0.08  61.3
SFO   2005   11     1.23  57.2
SFO   2005   12     9.34  53.1
SFO   2006   01     2.45  51.6
SFO   2006   02     2.30  52.9
SFO   2006   03     6.13  51.1
SFO   2006   04     4.01  55.6
SFO   2006   05     0.37  59.8
SFO   2006   06     0.00  63.3
SFO   2006   07     0.00  65.8
SFO   2006   08     0.00  63.5
SFO   2006   09     0.00  62.2
SFO   2006   10     0.33  60.5
SFO   2006   11     1.64  55.5
SFO   2006   12     3.37  50.3
SFO   2007   01     0.65  48.0
SFO   2007   02     4.14  52.4
SFO   2007   03     0.27  55.9
SFO   2007   04     1.14  56.1
SFO   2007   05     0.09  58.8
SFO   2007   06     0.00  61.3
SFO   2007   07     0.01  64.2
SFO   2007   08     0.00  64.4
SFO   2007   09     0.15  64.3
SFO   2007   10     1.97  59.9
SFO   2007   11     0.58  55.7
SFO   2007   12     2.65  49.5
SFO   2008   01     7.83  48.4
SFO   2008   02     2.04  51.7
SFO   2008   03     0.23  53.7
SFO   2008   04     0.03  55.4
SFO   2008   05     0.00  58.7
SFO   2008   06     0.00  61.5
SFO   2008   07     0.00  62.8
SFO   2008   08     0.01  64.4
SFO   2008   09     0.00  65.0
SFO   2008   10     0.32  63.2
SFO   2008   11     1.82  57.8
SFO   2008   12     2.36  48.9
SFO   2009   01     0.69  51.3
SFO   2009   02     6.40  52.1
SFO   2009   03     2.35  53.8
SFO   2009   04     0.27  56.4
SFO   2009   05     0.36  59.4
SFO   2009   06     0.04  62.9
SFO   2009   07     0.00  62.3
SFO   2009   08     0.00  65.6
SFO   2009   09     0.27  66.2
SFO   2009   10     2.96  61.8
SFO   2009   11     0.20  56.6
SFO   2009   12     3.07  49.2
SFO   2010   01     5.97  51.2
SFO   2010   02     2.70  54.0
SFO   2010   03     2.78  55.1
SFO   2010   04     2.75  55.6
SFO   2010   05     0.69  57.6
SFO   2010   06     0.00  62.4
SFO   2010   07     0.00  63.0
SFO   2010   08     0.00  63.6
SFO   2010   09     0.01  68.6
SFO   2010   10     0.84  65.1
SFO   2010   11     2.41  55.0
SFO   2010   12     6.00  52.1
SFO   2011   01     0.94  50.5
SFO   2011   02     4.79  50.6
SFO   2011   03     5.70  53.7
SFO   2011   04     0.33  55.5
SFO   2011   05     0.47  56.9
SFO   2011   06     1.49  60.5
SFO   2011   07     0.00  62.7
SFO   2011   08     0.00  62.2
SFO   2011   09     0.01  64.7
SFO   2011   10     1.18  63.1
SFO   2011   11     1.55  53.8
SFO   2011   12     0.13  49.3
SFO   2012   01     2.16  50.6
SFO   2012   02     0.66  52.2
SFO   2012   03     4.76  53.3
SFO   2012   04     2.79  56.9
SFO   2012   05     0.00  58.4
SFO   2012   06     0.09  61.4
SFO   2012   07     0.00  62.5
SFO   2012   08     0.00  61.7
SFO   2012   09     0.00  60.6
SFO   2012   10     0.70  63.4
SFO   2012   11     4.05  58.2
SFO   2012   12     6.24  51.9
SFO   2013   01     0.20  48.6
SFO   2013   02     0.67  50.9
SFO   2013   03     0.49  54.6
SFO   2013   04     0.47  58.5
SFO   2013   05     0.01  60.4
SFO   2013   06     0.05  62.7
SFO   2013   07     0.00  62.8
SFO   2013   08     0.00  64.4
SFO   2013   09     0.23  65.5
SFO   2013   10     0.00  60.8
SFO   2013   11     0.91  57.2
SFO   2013   12     0.35  49.7
    