SFO   2011   01     0.94  50.5
SFO   2011   02     4.79  50.6
SFO   2011   03     5.70  53.7
SFO   2011   04     0.33  55.5
SFO   2011   05     0.47  56.9
SFO   2011   06     1.49  60.5
SFO   2011   07     0.00  62.7
SFO   2011   08     0.00  62.2
SFO   2011   09     0.01  64.7
SFO   2011   10     1.18  63.1
SFO   2011   11     1.55  53.8
SFO   2011   12     0.13  49.3
SFO   2012   01     2.16  50.6
SFO   2012   02     0.66  52.2
SFO   2012   03     4.76  53.3
SFO   2012   04     2.79  56.9
SFO   2012   05     0.00  58.4
SFO   2012   06     0.09  61.4
SFO   2012   07     0.00  62.5
SFO   2012   08     0.00  61.7
SFO   2012   09     0.00  60.6
SFO   2012   10     0.70  63.4
SFO   2012   11     4.05  58.2
SFO   2012   12     6.24  51.9
SFO   2013   01     0.20  48.6
SFO   2013   02     0.67  50.9
SFO   2013   03     0.49  54.6
SFO   2013   04     0.47  58.5
SFO   2013   05     0.01  60.4
SFO   2013   06     0.05  62.7
SFO   2013   07     0.00  62.8
SFO   2013   08     0.00  64.4
SFO   2013   09     0.23  65.5
SFO   2013   10     0.00  60.8
SFO   2013   11     0.91  57.2
SFO   2013   12     0.35  49.7