01  DE  1787 12
02  PA  1787 12
03  NJ  1787 12
04  GA  1788 01
05  CT  1788 01
06  MA  1788 02
07  MD  1788 04
08  SC  1788 05
09  NH  1788 06
10  VA  1788 06
11  NY  1788 07
12  NC  1789 11
13  RI  1790 05
14  VT  1791 03
15  KY  1792 06
16  TN  1796 06
17  OH  1803 03
18  LA  1812 04
19  IN  1816 12
20  MS  1817 12
21  IL  1818 12
22  AL  1819 12
23  ME  1820 03
24  MO  1821 08
25  AR  1836 06
26  MI  1837 01
27  FL  1845 03
28  TX  1845 12
29  IA  1846 12
30  WI  1848 05
31  CA  1850 09
32  MN  1858 05
33  OR  1859 02
34  KS  1861 01
35  WV  1863 06
36  NV  1864 10
37  NE  1867 03
38  CO  1876 08
39  ND  1889 11
40  SD  1889 11
41  MT  1889 11
42  WA  1889 11
43  ID  1890 07
44  WY  1890 07
45  UT  1896 01
46  OK  1907 11
47  NM  1912 01
48  AZ  1912 02
49  AK  1959 01
50  HI  1959 08
51  DC  0000 00