"X1" "X2" "X3" "X4" "X5" "X6" "X7" "X8" "Y"
"1" 540 0 0 162 2.5 1040 676 28 79.98611076
"2" 540 0 0 162 2.5 1055 676 28 61.88736576
"3" 332.5 142.5 0 228 0 932 594 270 40.269535256
"4" 332.5 142.5 0 228 0 932 594 365 41.052779992
"5" 198.6 132.4 0 192 0 978.4 825.5 360 44.296075096
"6" 266 114 0 228 0 932 670 90 47.029847436
"7" 380 95 0 228 0 932 594 365 43.698299404
"8" 380 95 0 228 0 932 594 28 36.447769788
"9" 266 114 0 228 0 932 670 28 45.854290856
"10" 475 0 0 228 0 932 594 28 39.28978986
"11" 198.6 132.4 0 192 0 978.4 825.5 90 38.074243672
"12" 198.6 132.4 0 192 0 978.4 825.5 28 28.021683592
"13" 427.5 47.5 0 228 0 932 594 270 43.01296026
"14" 190 190 0 228 0 932 670 90 42.32693164
"15" 304 76 0 228 0 932 670 28 47.813781648
"16" 380 0 0 228 0 932 670 90 52.908319812
"17" 139.6 209.4 0 192 0 1047 806.9 90 39.358047984
"18" 342 38 0 228 0 932 670 365 56.141962252
"19" 380 95 0 228 0 932 594 90 40.563252032
"20" 475 0 0 228 0 932 594 180 42.620648416
"21" 427.5 47.5 0 228 0 932 594 180 41.836714204
"22" 139.6 209.4 0 192 0 1047 806.9 28 28.23748958
"23" 139.6 209.4 0 192 0 1047 806.9 3 8.06342182
"24" 139.6 209.4 0 192 0 1047 806.9 180 44.207822168
"25" 380 0 0 228 0 932 670 365 52.516697444
"26" 380 0 0 228 0 932 670 270 53.300631656
"27" 380 95 0 228 0 932 594 270 41.15137506
"28" 342 38 0 228 0 932 670 180 52.1243856
"29" 427.5 47.5 0 228 0 932 594 28 37.427515184
"30" 475 0 0 228 0 932 594 7 38.60376124
"31" 304 76 0 228 0 932 670 365 55.260122448
"32" 266 114 0 228 0 932 670 365 52.908319812
"33" 198.6 132.4 0 192 0 978.4 825.5 180 41.719503284
"34" 475 0 0 228 0 932 594 270 42.131120456
"35" 190 190 0 228 0 932 670 365 53.692254024
"36" 237.5 237.5 0 228 0 932 594 270 38.407950056
"37" 237.5 237.5 0 228 0 932 594 28 30.079769452
"38" 332.5 142.5 0 228 0 932 594 90 37.721921436
"39" 475 0 0 228 0 932 594 90 42.229026048
"40" 237.5 237.5 0 228 0 932 594 180 36.251958604
"41" 342 38 0 228 0 932 670 90 50.45930106
"42" 427.5 47.5 0 228 0 932 594 365 43.698299404
"43" 237.5 237.5 0 228 0 932 594 365 38.995383608
"44" 380 0 0 228 0 932 670 180 53.104130996
"45" 427.5 47.5 0 228 0 932 594 90 41.542997428
"46" 427.5 47.5 0 228 0 932 594 7 35.076402024
"47" 349 0 0 192 0 1047 806.9 3 15.049192652
"48" 380 95 0 228 0 932 594 180 40.759063216
"49" 237.5 237.5 0 228 0 932 594 7 26.258003984
"50" 380 95 0 228 0 932 594 7 32.823194456
"51" 332.5 142.5 0 228 0 932 594 180 39.77931782
"52" 190 190 0 228 0 932 670 180 46.931941844
"53" 237.5 237.5 0 228 0 932 594 90 33.116911232
"54" 304 76 0 228 0 932 670 90 49.185149412
"55" 139.6 209.4 0 192 0 1047 806.9 7 14.58931216
"56" 198.6 132.4 0 192 0 978.4 825.5 7 14.638264956
"57" 475 0 0 228 0 932 594 365 41.934619796
"58" 198.6 132.4 0 192 0 978.4 825.5 3 9.131420144
"59" 304 76 0 228 0 932 670 180 50.94882902
"60" 332.5 142.5 0 228 0 932 594 28 33.01900564
"61" 304 76 0 228 0 932 670 270 54.378282644
"62" 266 114 0 228 0 932 670 270 51.732763232
"63" 310 0 0 192 0 971 850.6 3 9.86640156
"64" 190 190 0 228 0 932 670 270 50.655112244
"65" 266 114 0 228 0 932 670 180 48.695621452
"66" 342 38 0 228 0 932 670 270 55.064311264
"67" 139.6 209.4 0 192 0 1047 806.9 360 44.698039604
"68" 332.5 142.5 0 228 0 932 594 7 30.275580636
"69" 190 190 0 228 0 932 670 28 40.856968808
"70" 485 0 0 146 0 1120 800 28 71.98818916
"71" 374 189.2 0 170.1 10.1 926.1 756.7 3 34.39795764
"72" 313.3 262.2 0 175.5 8.6 1046.9 611.8 3 28.79941252
"73" 425 106.3 0 153.5 16.5 852.1 887.1 3 33.39821744
"74" 425 106.3 0 151.4 18.6 936 803.7 3 36.3009114
"75" 375 93.8 0 126.6 23.4 852.1 992.6 3 28.99936056
"76" 475 118.8 0 181.1 8.9 852.1 781.5 3 37.79707432
"77" 469 117.2 0 137.8 32.2 852.1 840.5 3 40.1964508
"78" 425 106.3 0 153.5 16.5 852.1 887.1 3 33.39821744
"79" 388.6 97.1 0 157.9 12.1 852.1 925.7 3 28.096147
"80" 531.3 0 0 141.8 28.2 852.1 893.7 3 41.2996124
"81" 425 106.3 0 153.5 16.5 852.1 887.1 3 33.39821744
"82" 318.8 212.5 0 155.7 14.3 852.1 880.4 3 25.2003478
"83" 401.8 94.7 0 147.4 11.4 946.8 852.1 3 41.09966436
"84" 362.6 189 0 164.9 11.6 944.7 755.8 3 35.3011712
"85" 323.7 282.8 0 183.8 10.3 942.7 659.9 3 28.29609504
"86" 379.5 151.2 0 153.9 15.9 1134.3 605 3 28.59946448
"87" 362.6 189 0 164.9 11.6 944.7 755.8 3 35.3011712
"88" 286.3 200.9 0 144.7 11.2 1004.6 803.7 3 24.40055564
"89" 362.6 189 0 164.9 11.6 944.7 755.8 3 35.3011712
"90" 439 177 0 186 11.1 884.9 707.9 3 39.300132
"91" 389.9 189 0 145.9 22 944.7 755.8 3 40.59634688
"92" 362.6 189 0 164.9 11.6 944.7 755.8 3 35.3011712
"93" 337.9 189 0 174.9 9.5 944.7 755.8 3 24.0971862
"94" 374 189.2 0 170.1 10.1 926.1 756.7 7 46.20178676
"95" 313.3 262.2 0 175.5 8.6 1046.9 611.8 7 42.79577532
"96" 425 106.3 0 153.5 16.5 852.1 887.1 7 49.20100736
"97" 425 106.3 0 151.4 18.6 936 803.7 7 46.80163088
"98" 375 93.8 0 126.6 23.4 852.1 992.6 7 45.69846928
"99" 475 118.8 0 181.1 8.9 852.1 781.5 7 55.59934464
"100" 469 117.2 0 137.8 32.2 852.1 840.5 7 54.89607912
"101" 425 106.3 0 153.5 16.5 852.1 887.1 7 49.20100736
"102" 388.6 97.1 0 157.9 12.1 852.1 925.7 7 34.90127512
"103" 531.3 0 0 141.8 28.2 852.1 893.7 7 46.89815752
"104" 425 106.3 0 153.5 16.5 852.1 887.1 7 49.20100736
"105" 318.8 212.5 0 155.7 14.3 852.1 880.4 7 33.39821744
"106" 401.8 94.7 0 147.4 11.4 946.8 852.1 7 54.09628696
"107" 362.6 189 0 164.9 11.6 944.7 755.8 7 55.89581932
"108" 323.7 282.8 0 183.8 10.3 942.7 659.9 7 49.80085148
"109" 379.5 151.2 0 153.9 15.9 1134.3 605 7 47.09810556
"110" 362.6 189 0 164.9 11.6 944.7 755.8 7 55.89581932
"111" 286.3 200.9 0 144.7 11.2 1004.6 803.7 7 37.99702236
"112" 362.6 189 0 164.9 11.6 944.7 755.8 7 55.89581932
"113" 439 177 0 186 11.1 884.9 707.9 7 56.09576736
"114" 389.9 189 0 145.9 22 944.7 755.8 7 59.09498796
"115" 362.6 189 0 164.9 11.6 944.7 755.8 7 22.89749796
"116" 337.9 189 0 174.9 9.5 944.7 755.8 7 35.10122316
"117" 374 189.2 0 170.1 10.1 926.1 756.7 28 61.09446836
"118" 313.3 262.2 0 175.5 8.6 1046.9 611.8 28 59.79825348
"119" 425 106.3 0 153.5 16.5 852.1 887.1 28 60.2946762
"120" 425 106.3 0 151.4 18.6 936 803.7 28 61.79773388
"121" 375 93.8 0 126.6 23.4 852.1 992.6 28 56.69561148
"122" 475 118.8 0 181.1 8.9 852.1 781.5 28 68.29949256
"123" 469 117.2 0 137.8 32.2 852.1 840.5 28 66.89985628
"124" 425 106.3 0 153.5 16.5 852.1 887.1 28 60.2946762
"125" 388.6 97.1 0 157.9 12.1 852.1 925.7 28 50.69717028
"126" 531.3 0 0 141.8 28.2 852.1 893.7 28 56.3991368
"127" 425 106.3 0 153.5 16.5 852.1 887.1 28 60.2946762
"128" 318.8 212.5 0 155.7 14.3 852.1 880.4 28 55.49592324
"129" 401.8 94.7 0 147.4 11.4 946.8 852.1 28 68.4994406
"130" 362.6 189 0 164.9 11.6 944.7 755.8 28 71.29871316
"131" 323.7 282.8 0 183.8 10.3 942.7 659.9 28 74.69782984
"132" 379.5 151.2 0 153.9 15.9 1134.3 605 28 52.20022796
"133" 362.6 189 0 164.9 11.6 944.7 755.8 28 71.29871316
"134" 286.3 200.9 0 144.7 11.2 1004.6 803.7 28 67.69964844
"135" 362.6 189 0 164.9 11.6 944.7 755.8 28 71.29871316
"136" 439 177 0 186 11.1 884.9 707.9 28 65.99664272
"137" 389.9 189 0 145.9 22 944.7 755.8 28 74.4978818
"138" 362.6 189 0 164.9 11.6 944.7 755.8 28 71.29871316
"139" 337.9 189 0 174.9 9.5 944.7 755.8 28 49.89737812
"140" 374 189.2 0 170.1 10.1 926.1 756.7 56 63.3973182
"141" 313.3 262.2 0 175.5 8.6 1046.9 611.8 56 64.90037588
"142" 425 106.3 0 153.5 16.5 852.1 887.1 56 64.30053176
"143" 425 106.3 0 151.4 18.6 936 803.7 56 64.90037588
"144" 375 93.8 0 126.6 23.4 852.1 992.6 56 60.19814956
"145" 475 118.8 0 181.1 8.9 852.1 781.5 56 72.29845336
"146" 469 117.2 0 137.8 32.2 852.1 840.5 56 69.29923276
"147" 425 106.3 0 153.5 16.5 852.1 887.1 56 64.30053176
"148" 388.6 97.1 0 157.9 12.1 852.1 925.7 56 55.19944856
"149" 531.3 0 0 141.8 28.2 852.1 893.7 56 58.79851328
"150" 425 106.3 0 153.5 16.5 852.1 887.1 56 64.30053176
"151" 318.8 212.5 0 155.7 14.3 852.1 880.4 56 66.10006412
"152" 401.8 94.7 0 147.4 11.4 946.8 852.1 56 73.69808964
"153" 362.6 189 0 164.9 11.6 944.7 755.8 56 77.29715436
"154" 323.7 282.8 0 183.8 10.3 942.7 659.9 56 80.19984832
"155" 379.5 151.2 0 153.9 15.9 1134.3 605 56 54.89607912
"156" 362.6 189 0 164.9 11.6 944.7 755.8 56 77.29715436
"157" 286.3 200.9 0 144.7 11.2 1004.6 803.7 56 72.99482412
"158" 362.6 189 0 164.9 11.6 944.7 755.8 56 77.29715436
"159" 439 177 0 186 11.1 884.9 707.9 56 71.69860924
"160" 389.9 189 0 145.9 22 944.7 755.8 56 79.40005616
"161" 362.6 189 0 164.9 11.6 944.7 755.8 56 77.29715436
"162" 337.9 189 0 174.9 9.5 944.7 755.8 56 59.89478012
"163" 374 189.2 0 170.1 10.1 926.1 756.7 91 64.90037588
"164" 313.3 262.2 0 175.5 8.6 1046.9 611.8 91 66.59648684
"165" 425 106.3 0 153.5 16.5 852.1 887.1 91 65.19685056
"166" 425 106.3 0 151.4 18.6 936 803.7 91 66.69990824
"167" 375 93.8 0 126.6 23.4 852.1 992.6 91 62.5009994
"168" 475 118.8 0 181.1 8.9 852.1 781.5 91 74.19451236
"169" 469 117.2 0 137.8 32.2 852.1 840.5 91 70.69886904
"170" 425 106.3 0 153.5 16.5 852.1 887.1 91 65.19685056
"171" 388.6 97.1 0 157.9 12.1 852.1 925.7 91 57.59882504
"172" 531.3 0 0 141.8 28.2 852.1 893.7 91 59.19840936
"173" 425 106.3 0 153.5 16.5 852.1 887.1 91 65.19685056
"174" 318.8 212.5 0 155.7 14.3 852.1 880.4 91 68.09954452
"175" 401.8 94.7 0 147.4 11.4 946.8 852.1 91 75.497622
"176" 362.6 189 0 164.9 11.6 944.7 755.8 91 79.29663476
"177" 379.5 151.2 0 153.9 15.9 1134.3 605 91 56.49566344
"178" 362.6 189 0 164.9 11.6 944.7 755.8 91 79.29663476
"179" 286.3 200.9 0 144.7 11.2 1004.6 803.7 91 76.80073164
"180" 362.6 189 0 164.9 11.6 944.7 755.8 91 79.29663476
"181" 439 177 0 186 11.1 884.9 707.9 91 73.29819356
"182" 389.9 189 0 145.9 22 944.7 755.8 91 82.5992248
"183" 362.6 189 0 164.9 11.6 944.7 755.8 91 79.29663476
"184" 337.9 189 0 174.9 9.5 944.7 755.8 91 67.79617508
"185" 222.36 0 96.67 189.29 4.46 967.08 870.32 3 11.57630204
"186" 222.36 0 96.67 189.29 4.46 967.08 870.32 14 24.44881896
"187" 222.36 0 96.67 189.29 4.46 967.08 870.32 28 24.8900836
"188" 222.36 0 96.67 189.29 4.46 967.08 870.32 56 29.44751996
"189" 222.36 0 96.67 189.29 4.46 967.08 870.32 100 40.7135578
"190" 233.81 0 94.58 197.89 4.567 947.04 852.16 3 10.38350856
"191" 233.81 0 94.58 197.89 4.567 947.04 852.16 14 22.13907436
"192" 233.81 0 94.58 197.89 4.567 947.04 852.16 28 22.83544512
"193" 233.81 0 94.58 197.89 4.567 947.04 852.16 56 27.66177712
"194" 233.81 0 94.58 197.89 4.567 947.04 852.16 100 34.55653712
"195" 194.68 0 100.52 165.62 7.48 1006.4 905.9 3 12.45193656
"196" 194.68 0 100.52 165.62 7.48 1006.4 905.9 14 24.98661024
"197" 194.68 0 100.52 165.62 7.48 1006.4 905.9 28 25.72434956
"198" 194.68 0 100.52 165.62 7.48 1006.4 905.9 56 33.96358776
"199" 194.68 0 100.52 165.62 7.48 1006.4 905.9 100 37.34202016
"200" 190.68 0 125.4 162.14 7.77 1090 804.01 3 15.04436632
"201" 190.68 0 125.4 162.14 7.77 1090 804.01 14 21.0634918
"202" 190.68 0 125.4 162.14 7.77 1090 804.01 28 26.40003604
"203" 190.68 0 125.4 162.14 7.77 1090 804.01 56 35.34253976
"204" 190.68 0 125.4 162.14 7.77 1090 804.01 100 40.56876784
"205" 212.07 0 121.62 180.31 5.69 1057.6 779.32 3 12.47262084
"206" 212.07 0 121.62 180.31 5.69 1057.6 779.32 14 20.91870184
"207" 212.07 0 121.62 180.31 5.69 1057.6 779.32 28 24.90387312
"208" 212.07 0 121.62 180.31 5.69 1057.6 779.32 56 34.20490436
"209" 212.07 0 121.62 180.31 5.69 1057.6 779.32 100 39.6103962
"210" 229.97 0 118.31 195.47 4.63 1029.4 758.59 3 10.0318758
"211" 229.97 0 118.31 195.47 4.63 1029.4 758.59 14 20.08443588
"212" 229.97 0 118.31 195.47 4.63 1029.4 758.59 28 24.48329276
"213" 229.97 0 118.31 195.47 4.63 1029.4 758.59 56 31.53663224
"214" 229.97 0 118.31 195.47 4.63 1029.4 758.59 100 35.34253976
"215" 190.34 0 125.18 161.85 9.88 1088.1 802.59 3 9.4458212
"216" 190.34 0 125.18 161.85 9.88 1088.1 802.59 14 22.7182342
"217" 190.34 0 125.18 161.85 9.88 1088.1 802.59 28 28.46846404
"218" 190.34 0 125.18 161.85 9.88 1088.1 802.59 56 38.56239268
"219" 190.34 0 125.18 161.85 9.88 1088.1 802.59 100 40.38950408
"220" 166.09 0 163.27 176.46 4.49 1058.6 780.09 3 10.76272036
"221" 166.09 0 163.27 176.46 4.49 1058.6 780.09 14 25.48303296
"222" 166.09 0 163.27 176.46 4.49 1058.6 780.09 28 21.53923024
"223" 166.09 0 163.27 176.46 4.49 1058.6 780.09 56 28.62704352
"224" 166.09 0 163.27 176.46 4.49 1058.6 780.09 100 33.5430074
"225" 167.95 42.08 163.83 121.75 5.72 1058.7 780.11 3 7.74971024
"226" 167.95 42.08 163.83 121.75 5.72 1058.7 780.11 14 17.8229546
"227" 167.95 42.08 163.83 121.75 5.72 1058.7 780.11 28 24.24197616
"228" 167.95 42.08 163.83 121.75 5.72 1058.7 780.11 56 32.8535314
"229" 167.95 42.08 163.83 121.75 5.72 1058.7 780.11 100 39.2311844
"230" 213.72 98.05 24.51 181.71 6.86 1065.8 785.38 3 17.9953236
"231" 213.72 98.05 24.51 181.71 6.86 1065.8 785.38 14 30.38520732
"232" 213.72 98.05 24.51 181.71 6.86 1065.8 785.38 28 45.70536404
"233" 213.72 98.05 24.51 181.71 6.86 1065.8 785.38 56 50.77301264
"234" 213.72 98.05 24.51 181.71 6.86 1065.8 785.38 100 53.90323368
"235" 213.76 98.06 24.52 181.74 6.65 1066 785.52 3 13.18278112
"236" 213.76 98.06 24.52 181.74 6.65 1066 785.52 14 17.83674412
"237" 213.76 98.06 24.52 181.74 6.65 1066 785.52 28 40.2309246
"238" 213.76 98.06 24.52 181.74 6.65 1066 785.52 56 47.13257936
"239" 213.76 98.06 24.52 181.74 6.65 1066 785.52 100 49.97322048
"240" 229.68 0 118.16 195.23 6.13 1028.1 757.63 3 13.35515012
"241" 229.68 0 118.16 195.23 6.13 1028.1 757.63 14 22.31833812
"242" 229.68 0 118.16 195.23 6.13 1028.1 757.63 28 24.53845084
"243" 229.68 0 118.16 195.23 6.13 1028.1 757.63 56 31.35047372
"244" 229.68 0 118.16 195.23 6.13 1028.1 757.63 100 40.85834776
"245" 238.05 0 94.11 186.66 7 949.91 847.01 3 19.93275116
"246" 238.05 0 94.11 186.66 7 949.91 847.01 14 25.68987576
"247" 238.05 0 94.11 186.66 7 949.91 847.01 28 30.2335226
"248" 238.05 0 94.11 186.66 7 949.91 847.01 56 39.58971192
"249" 238.05 0 94.11 186.66 7 949.91 847.01 100 44.298833
"250" 250 0 95.69 187.42 5.53 956.86 861.17 3 13.81709904
"251" 250 0 95.69 187.42 5.53 956.86 861.17 14 24.91766264
"252" 250 0 95.69 187.42 5.53 956.86 861.17 28 29.21999288
"253" 250 0 95.69 187.42 5.53 956.86 861.17 56 38.32797084
"254" 250 0 95.69 187.42 5.53 956.86 861.17 100 42.34761592
"255" 212.52 0 100.37 159.32 8.71 1007.8 903.59 3 13.54130864
"256" 212.52 0 100.37 159.32 8.71 1007.8 903.59 14 26.31040416
"257" 212.52 0 100.37 159.32 8.71 1007.8 903.59 28 31.64005364
"258" 212.52 0 100.37 159.32 8.71 1007.8 903.59 56 42.54756396
"259" 212.52 0 100.37 159.32 8.71 1007.8 903.59 100 42.919881
"260" 212.57 0 100.39 159.35 10.37 1003.8 903.79 3 13.33446584
"261" 212.57 0 100.39 159.35 10.37 1003.8 903.79 14 25.3727168
"262" 212.57 0 100.39 159.35 10.37 1003.8 903.79 28 37.404073
"263" 212.57 0 100.39 159.35 10.37 1003.8 903.79 56 44.39535964
"264" 212.57 0 100.39 159.35 10.37 1003.8 903.79 100 47.73931824
"265" 212 0 124.78 159 7.84 1085.4 799.54 3 19.51906556
"266" 212 0 124.78 159 7.84 1085.4 799.54 14 31.35047372
"267" 212 0 124.78 159 7.84 1085.4 799.54 28 38.50033984
"268" 212 0 124.78 159 7.84 1085.4 799.54 56 45.08483564
"269" 212 0 124.78 159 7.84 1085.4 799.54 100 47.8151606
"270" 231.75 0 121.62 173.96 6.72 1056.4 778.45 3 15.43736764
"271" 231.75 0 121.62 173.96 6.72 1056.4 778.45 14 26.77235308
"272" 231.75 0 121.62 173.96 6.72 1056.4 778.45 28 33.72916592
"273" 231.75 0 121.62 173.96 6.72 1056.4 778.45 56 42.69924868
"274" 231.75 0 121.62 173.96 6.72 1056.4 778.45 100 45.83636448
"275" 251.37 0 118.27 188.45 5.75 1028.4 757.73 3 17.22311048
"276" 251.37 0 118.27 188.45 5.75 1028.4 757.73 14 29.93015316
"277" 251.37 0 118.27 188.45 5.75 1028.4 757.73 28 29.65436276
"278" 251.37 0 118.27 188.45 5.75 1028.4 757.73 56 36.96970312
"279" 251.37 0 118.27 188.45 5.75 1028.4 757.73 100 43.58177796
"280" 251.37 0 118.27 188.45 6.35 1028.4 757.73 3 13.12072828
"281" 251.37 0 118.27 188.45 6.35 1028.4 757.73 14 24.42813468
"282" 251.37 0 118.27 188.45 6.35 1028.4 757.73 28 32.66047812
"283" 251.37 0 118.27 188.45 6.35 1028.4 757.73 56 36.63875464
"284" 251.37 0 118.27 188.45 6.35 1028.4 757.73 100 44.20920112
"285" 181.38 0 167.01 169.59 7.56 1055.6 777.8 3 13.62404576
"286" 181.38 0 167.01 169.59 7.56 1055.6 777.8 14 21.60128308
"287" 181.38 0 167.01 169.59 7.56 1055.6 777.8 28 27.77209328
"288" 181.38 0 167.01 169.59 7.56 1055.6 777.8 56 35.57006684
"289" 181.38 0 167.01 169.59 7.56 1055.6 777.8 100 45.3675208
"290" 182.04 45.21 121.97 170.21 8.19 1059.4 780.65 3 7.31534036
"291" 182.04 45.21 121.97 170.21 8.19 1059.4 780.65 14 21.50475644
"292" 182.04 45.21 121.97 170.21 8.19 1059.4 780.65 28 31.2677366
"293" 182.04 45.21 121.97 170.21 8.19 1059.4 780.65 56 43.49904084
"294" 182.04 45.21 121.97 170.21 8.19 1059.4 780.65 100 48.67011084
"295" 168.88 42.22 124.25 158.33 10.83 1080.8 796.15 3 7.39807748
"296" 168.88 42.22 124.25 158.33 10.83 1080.8 796.15 14 23.5111316
"297" 168.88 42.22 124.25 158.33 10.83 1080.8 796.15 28 31.11605188
"298" 168.88 42.22 124.25 158.33 10.83 1080.8 796.15 56 39.14844728
"299" 168.88 42.22 124.25 158.33 10.83 1080.8 796.15 100 48.15300384
"300" 290.35 0 96.18 168.08 9.41 961.18 865 3 22.50449664
"301" 290.35 0 96.18 168.08 9.41 961.18 865 14 34.67374804
"302" 290.35 0 96.18 168.08 9.41 961.18 865 28 34.73580088
"303" 290.35 0 96.18 168.08 9.41 961.18 865 56 45.08483564
"304" 290.35 0 96.18 168.08 9.41 961.18 865 100 48.97348028
"305" 277.05 0 97.39 160.6 11.83 973.9 875.61 3 23.13881456
"306" 277.05 0 97.39 160.6 11.83 973.9 875.61 14 41.885667
"307" 277.05 0 97.39 160.6 11.83 973.9 875.61 28 48.28400428
"308" 277.05 0 97.39 160.6 11.83 973.9 875.61 56 51.03501352
"309" 277.05 0 97.39 160.6 11.83 973.9 875.61 100 55.6407132
"310" 295.71 0 95.64 171.54 8.87 955.14 859.2 3 22.94576128
"311" 295.71 0 95.64 171.54 8.87 955.14 859.2 14 35.2322236
"312" 295.71 0 95.64 171.54 8.87 955.14 859.2 28 39.94134468
"313" 295.71 0 95.64 171.54 8.87 955.14 859.2 56 48.71837416
"314" 295.71 0 95.64 171.54 8.87 955.14 859.2 100 52.04164848
"315" 251.81 0 99.94 146.14 12.35 1006 899.76 3 21.02212324
"316" 251.81 0 99.94 146.14 12.35 1006 899.76 14 33.35684888
"317" 251.81 0 99.94 146.14 12.35 1006 899.76 28 33.94290348
"318" 251.81 0 99.94 146.14 12.35 1006 899.76 56 44.14025352
"319" 251.81 0 99.94 146.14 12.35 1006 899.76 100 45.3675208
"320" 249.1 0 98.75 158.11 12.8 987.76 889.01 3 15.36152528
"321" 249.1 0 98.75 158.11 12.8 987.76 889.01 14 28.6822016
"322" 249.1 0 98.75 158.11 12.8 987.76 889.01 28 30.84715624
"323" 249.1 0 98.75 158.11 12.8 987.76 889.01 56 42.03045696
"324" 249.1 0 98.75 158.11 12.8 987.76 889.01 100 51.0556978
"325" 252.31 0 98.75 146.25 14.17 987.76 889.01 3 21.78054684
"326" 252.31 0 98.75 146.25 14.17 987.76 889.01 14 42.29245784
"327" 252.31 0 98.75 146.25 14.17 987.76 889.01 28 50.60064364
"328" 252.31 0 98.75 146.25 14.17 987.76 889.01 56 55.82687172
"329" 252.31 0 98.75 146.25 14.17 987.76 889.01 100 60.9496784
"330" 246.83 0 125.08 143.3 11.99 1086.8 800.89 3 23.52492112
"331" 246.83 0 125.08 143.3 11.99 1086.8 800.89 14 42.21661548
"332" 246.83 0 125.08 143.3 11.99 1086.8 800.89 28 52.5035974
"333" 246.83 0 125.08 143.3 11.99 1086.8 800.89 56 60.32225524
"334" 246.83 0 125.08 143.3 11.99 1086.8 800.89 100 66.42411784
"335" 275.07 0 121.35 159.48 9.9 1053.6 777.5 3 23.80071152
"336" 275.07 0 121.35 159.48 9.9 1053.6 777.5 14 38.76923548
"337" 275.07 0 121.35 159.48 9.9 1053.6 777.5 28 51.3314882
"338" 275.07 0 121.35 159.48 9.9 1053.6 777.5 56 56.8472962
"339" 275.07 0 121.35 159.48 9.9 1053.6 777.5 100 58.60546
"340" 297.16 0 117.54 174.8 9.52 1022.8 753.45 3 21.91154728
"341" 297.16 0 117.54 174.8 9.52 1022.8 753.45 14 36.9903874
"342" 297.16 0 117.54 174.8 9.52 1022.8 753.45 28 47.401475
"343" 297.16 0 117.54 174.8 9.52 1022.8 753.45 56 51.95891136
"344" 297.16 0 117.54 174.8 9.52 1022.8 753.45 100 56.7438748
"345" 213.74 0 174.74 154.79 10.16 1053.5 776.35 3 17.57474324
"346" 213.74 0 174.74 154.79 10.16 1053.5 776.35 14 33.72916592
"347" 213.74 0 174.74 154.79 10.16 1053.5 776.35 28 40.14818748
"348" 213.74 0 174.74 154.79 10.16 1053.5 776.35 56 46.6430514
"349" 213.74 0 174.74 154.79 10.16 1053.5 776.35 100 50.07664188
"350" 213.5 0 174.24 154.61 11.66 1052.3 775.48 3 17.36790044
"351" 213.5 0 174.24 154.61 11.66 1052.3 775.48 14 33.70158688
"352" 213.5 0 174.24 154.61 11.66 1052.3 775.48 28 45.93978588
"353" 213.5 0 174.24 154.61 11.66 1052.3 775.48 56 51.4349096
"354" 213.5 0 174.24 154.61 11.66 1052.3 775.48 100 59.30183076
"355" 277.19 97.82 24.46 160.7 11.19 1061.7 782.46 3 30.44726016
"356" 277.19 97.82 24.46 160.7 11.19 1061.7 782.46 14 47.7117392
"357" 277.19 97.82 24.46 160.7 11.19 1061.7 782.46 28 63.14221208
"358" 277.19 97.82 24.46 160.7 11.19 1061.7 782.46 56 66.82401392
"359" 277.19 97.82 24.46 160.7 11.19 1061.7 782.46 100 66.9481196
"360" 218.23 54.64 123.78 140.75 11.91 1075.7 792.67 3 27.42046052
"361" 218.23 54.64 123.78 140.75 11.91 1075.7 792.67 14 35.9561734
"362" 218.23 54.64 123.78 140.75 11.91 1075.7 792.67 28 55.50971276
"363" 218.23 54.64 123.78 140.75 11.91 1075.7 792.67 56 61.99078716
"364" 218.23 54.64 123.78 140.75 11.91 1075.7 792.67 100 63.52831864
"365" 214.9 53.8 121.89 155.63 9.61 1014.3 780.58 3 18.01600788
"366" 214.9 53.8 121.89 155.63 9.61 1014.3 780.58 14 38.60376124
"367" 214.9 53.8 121.89 155.63 9.61 1014.3 780.58 28 52.20022796
"368" 214.9 53.8 121.89 155.63 9.61 1014.3 780.58 56 53.95839176
"369" 214.9 53.8 121.89 155.63 9.61 1014.3 780.58 100 56.63355864
"370" 218.85 0 124.13 158.49 11.33 1078.7 794.91 3 15.340841
"371" 218.85 0 124.13 158.49 11.33 1078.7 794.91 14 26.04840328
"372" 218.85 0 124.13 158.49 11.33 1078.7 794.91 28 30.21973308
"373" 218.85 0 124.13 158.49 11.33 1078.7 794.91 56 37.2661778
"374" 218.85 0 124.13 158.49 11.33 1078.7 794.91 100 46.2293658
"375" 376 0 0 214.6 0 1003.5 762.36 3 16.27852836
"376" 376 0 0 214.6 0 1003.5 762.36 14 25.62092816
"377" 376 0 0 214.6 0 1003.5 762.36 28 31.97100212
"378" 376 0 0 214.6 0 1003.5 762.36 56 36.3009114
"379" 376 0 0 214.6 0 1003.5 762.36 100 43.0577762
"380" 500 0 0 140 4 966 853 28 67.568648
"381" 475 0 59 142 1.9 1098 641 28 57.226508
"382" 315 137 0 145 5.9 1130 745 28 81.75116932
"383" 505 0 60 195 0 1030 630 28 64.0178466
"384" 451 0 0 165 11.25 1030 745 28 78.80021204
"385" 516 0 0 162 8.2 801 802 28 41.36856
"386" 520 0 0 170 5.2 855 855 28 60.28088668
"387" 528 0 0 185 6.86 920 720 28 56.83350668
"388" 520 0 0 175 5.2 870 805 28 51.021224
"389" 385 0 136 158 20 903 768 28 55.55108132
"390" 500.1 0 0 200 3 1124.4 613.2 28 44.13335876
"391" 450.1 50 0 200 3 1124.4 613.2 28 39.37597436
"392" 397 17.2 158 167 20.8 967 633 28 55.64760796
"393" 333 17.5 163 167 17.9 996 652 28 47.27736932
"394" 334 17.6 158 189 15.3 967 633 28 44.32641204
"395" 405 0 0 175 0 1120 695 28 52.30364936
"396" 200 200 0 190 0 1145 660 28 49.24927068
"397" 516 0 0 162 8.26 801 802 28 41.36856
"398" 145 116 119 184 5.7 833 880 28 29.15794004
"399" 160 128 122 182 6.4 824 879 28 39.39665864
"400" 234 156 0 189 5.85 981 760 28 39.300132
"401" 250 180 95 159 9.45 860 800 28 67.86512268
"402" 475 0 0 162 9.5 1044 662 28 58.52272288
"403" 285 190 0 163 7.6 1031 685 28 53.57917996
"404" 356 119 0 160 9.03 1061 657 28 58.99846132
"405" 275 180 120 162 10.35 830 765 28 76.23536132
"406" 500 0 0 151 9 1033 655 28 69.83702404
"407" 165 0.02 143.57 163.81 0 1005.6 900.9 3 14.39625888
"408" 165 128.5 132.1 175.06 8.08 1005.8 746.6 3 19.41564416
"409" 178.03 129.8 118.6 179.94 3.57 1007.3 746.8 3 20.72564856
"410" 167.35 129.9 128.62 175.46 7.79 1006.3 746.6 3 14.94094492
"411" 172.38 13.61 172.37 156.76 4.14 1006.3 856.4 3 21.29101888
"412" 173.54 50.05 173.53 164.77 6.47 1006.2 793.5 3 23.07676172
"413" 167 75.4 167 164.03 7.91 1007.3 770.1 3 15.52010476
"414" 173.81 93.37 159.9 172.34 9.73 1007.2 746.6 3 15.81657944
"415" 190.34 0 125.18 166.61 9.88 1079 798.9 3 12.5484632
"416" 250 0 95.69 191.84 5.33 948.9 857.2 3 8.48744956
"417" 213.5 0 174.24 159.21 11.66 1043.6 771.9 3 15.60973664
"418" 194.68 0 100.52 170.17 7.48 998 901.8 3 12.17614616
"419" 251.37 0 118.27 192.94 5.75 1043.6 754.3 3 11.98309288
"420" 165 0.02 143.57 163.81 0 1005.6 900.9 14 16.87837248
"421" 165 128.5 132.1 175.06 8.08 1005.8 746.6 14 33.08795324
"422" 178.03 129.8 118.6 179.94 3.57 1007.3 746.8 14 34.23937816
"423" 167.35 129.9 128.62 175.46 7.79 1006.3 746.6 14 31.81242264
"424" 172.38 13.61 172.37 156.76 4.14 1006.3 856.4 14 29.7508894
"425" 173.54 50.05 173.53 164.77 6.47 1006.2 793.5 14 33.00521612
"426" 167 75.4 167 164.03 7.91 1007.3 770.1 14 32.90179472
"427" 173.81 93.37 159.9 172.34 9.73 1007.2 746.6 14 29.55094136
"428" 190.34 0 125.18 166.61 9.88 1079 798.9 14 19.41564416
"429" 250 0 95.69 191.84 5.33 948.9 857.2 14 24.65566176
"430" 213.5 0 174.24 159.21 11.66 1043.6 771.9 14 29.59230992
"431" 194.68 0 100.52 170.17 7.48 998 901.8 14 24.28334472
"432" 251.37 0 118.27 192.94 5.75 1043.6 754.3 14 20.72564856
"433" 165 0.02 143.57 163.81 0 1005.6 900.9 28 26.200088
"434" 165 128.5 132.1 175.06 8.08 1005.8 746.6 28 46.38794528
"435" 178.03 129.8 118.6 179.94 3.57 1007.3 746.8 28 39.1622368
"436" 167.35 129.9 128.62 175.46 7.79 1006.3 746.6 28 41.20308576
"437" 172.38 13.61 172.37 156.76 4.14 1006.3 856.4 28 33.68779736
"438" 173.54 50.05 173.53 164.77 6.47 1006.2 793.5 28 38.20386516
"439" 167 75.4 167 164.03 7.91 1007.3 770.1 28 41.40992856
"440" 173.81 93.37 159.9 172.34 9.73 1007.2 746.6 28 37.81086384
"441" 190.34 0 125.18 166.61 9.88 1079 798.9 28 24.84871504
"442" 250 0 95.69 191.84 5.33 948.9 857.2 28 27.22051248
"443" 213.5 0 174.24 159.21 11.66 1043.6 771.9 28 44.63667624
"444" 194.68 0 100.52 170.17 7.48 998 901.8 28 37.2661778
"445" 251.37 0 118.27 192.94 5.75 1043.6 754.3 28 33.27411176
"446" 165 0.02 143.57 163.81 0 1005.6 900.9 56 36.56291228
"447" 165 128.5 132.1 175.06 8.08 1005.8 746.6 56 53.72396992
"448" 178.03 129.8 118.6 179.94 3.57 1007.3 746.8 56 48.58737372
"449" 167.35 129.9 128.62 175.46 7.79 1006.3 746.6 56 51.72448952
"450" 172.38 13.61 172.37 156.76 4.14 1006.3 856.4 56 35.852752
"451" 173.54 50.05 173.53 164.77 6.47 1006.2 793.5 56 53.77223324
"452" 167 75.4 167 164.03 7.91 1007.3 770.1 56 53.46196904
"453" 173.81 93.37 159.9 172.34 9.73 1007.2 746.6 56 48.9872698
"454" 190.34 0 125.18 166.61 9.88 1079 798.9 56 31.715896
"455" 250 0 95.69 191.84 5.33 948.9 857.2 56 39.64487
"456" 213.5 0 174.24 159.21 11.66 1043.6 771.9 56 51.25564584
"457" 194.68 0 100.52 170.17 7.48 998 901.8 56 43.38872468
"458" 251.37 0 118.27 192.94 5.75 1043.6 754.3 56 39.2656582
"459" 165 0.02 143.57 163.81 0 1005.6 900.9 100 37.9556538
"460" 165 128.5 132.1 175.06 8.08 1005.8 746.6 100 55.0201848
"461" 178.03 129.8 118.6 179.94 3.57 1007.3 746.8 100 49.99390476
"462" 167.35 129.9 128.62 175.46 7.79 1006.3 746.6 100 53.65502232
"463" 172.38 13.61 172.37 156.76 4.14 1006.3 856.4 100 37.6798634
"464" 173.54 50.05 173.53 164.77 6.47 1006.2 793.5 100 56.06129356
"465" 167 75.4 167 164.03 7.91 1007.3 770.1 100 56.8128224
"466" 173.81 93.37 159.9 172.34 9.73 1007.2 746.6 100 50.93848688
"467" 190.34 0 125.18 166.61 9.88 1079 798.9 100 33.56369168
"468" 250 0 95.69 191.84 5.33 948.9 857.2 100 41.1617172
"469" 213.5 0 174.24 159.21 11.66 1043.6 771.9 100 52.95865156
"470" 194.68 0 100.52 170.17 7.48 998 901.8 100 44.27814872
"471" 251.37 0 118.27 192.94 5.75 1043.6 754.3 100 40.14818748
"472" 446 24 79 162 11.61 967 712 28 57.02655996
"473" 446 24 79 162 11.64 967 712 28 44.42293868
"474" 446 24 79 162 11.64 967 712 28 51.021224
"475" 446 24 79 162 10.3 967 712 28 53.38612668
"476" 446 24 79 162 11.61 967 712 3 35.36322404
"477" 446 24 79 162 11.64 967 712 3 25.02108404
"478" 446 24 79 162 11.64 967 712 3 23.34565736
"479" 446 24 79 162 11.61 967 712 7 52.00717468
"480" 446 24 79 162 11.64 967 712 7 38.01770664
"481" 446 24 79 162 11.64 967 712 7 39.300132
"482" 446 24 79 162 11.61 967 712 56 61.06688932
"483" 446 24 79 162 11.64 967 712 56 56.14403068
"484" 446 24 79 162 11.64 967 712 56 55.25460664
"485" 446 24 79 162 10.3 967 712 56 54.76507868
"486" 387 20 94 157 14.32 938 845 28 50.23522136
"487" 387 20 94 157 13.93 938 845 28 46.68441996
"488" 387 20 94 157 11.61 938 845 28 46.68441996
"489" 387 20 94 157 14.32 938 845 3 22.752708
"490" 387 20 94 157 13.93 938 845 3 25.510612
"491" 387 20 94 157 11.61 938 845 3 34.77027468
"492" 387 20 94 157 14.32 938 845 7 36.83870268
"493" 387 20 94 157 13.93 938 845 7 45.89841732
"494" 387 20 94 157 11.61 938 845 7 41.66503468
"495" 387 20 94 157 14.32 938 845 56 56.33708396
"496" 387 20 94 157 13.93 938 845 56 47.96684532
"497" 387 20 94 157 11.61 938 845 56 61.45989064
"498" 355 19 97 145 13.13 967 871 28 44.02993736
"499" 355 19 97 145 12.25 967 871 28 55.45455468
"500" 491 26 123 210 3.93 882 699 28 55.55108132
"501" 491 26 123 201 3.93 822 699 28 57.915984
"502" 491 26 123 210 3.93 882 699 3 25.6091085694586
"503" 491 26 123 210 3.93 882 699 7 33.4888342847293
"504" 491 26 123 210 3.93 882 699 56 59.5904257152707
"505" 491 26 123 201 3.93 822 699 3 29.5489714305414
"506" 491 26 123 201 3.93 822 699 7 37.92118
"507" 491 26 123 201 3.93 822 699 56 61.855846854188
"508" 424 22 132 178 8.48 822 750 28 62.05284
"509" 424 22 132 178 8.48 882 750 3 32.0113857152707
"510" 424 22 132 168 8.92 822 750 28 72.09850532
"511" 424 22 132 178 8.48 822 750 7 39.0046422847293
"512" 424 22 132 178 8.48 822 750 56 65.697213145812
"513" 424 22 132 168 8.92 822 750 3 32.1098822847293
"514" 424 22 132 168 8.92 822 750 7 40.2850977152707
"515" 424 22 132 168 8.92 822 750 56 74.3649114581204
"516" 202 11 141 206 1.72 942 801 28 21.96670536
"517" 202 11 141 206 1.72 942 801 3 9.84965714581204
"518" 202 11 141 206 1.72 942 801 7 15.0699754305414
"519" 202 11 141 206 1.72 942 801 56 23.245190854188
"520" 284 15 141 179 5.46 842 801 28 43.73346268
"521" 284 15 141 179 5.46 842 801 3 13.3955337152707
"522" 284 15 141 179 5.46 842 801 7 24.13166
"523" 284 15 141 179 5.46 842 801 56 44.5204502847293
"524" 359 19 141 154 10.91 942 801 28 62.93536928
"525" 359 19 141 154 10.91 942 801 28 59.49488404
"526" 359 19 141 154 10.91 942 801 3 25.1166257152707
"527" 359 19 141 154 10.91 942 801 3 23.639177145812
"528" 359 19 141 154 10.91 942 801 7 35.7542554305414
"529" 359 19 141 154 10.91 942 801 7 38.610656
"530" 359 19 141 154 10.91 942 801 56 68.750606854188
"531" 359 19 141 154 10.91 942 801 56 66.7806754305414
"532" 436 0 0 218 0 838.4 719.7 28 23.84897484
"533" 289 0 0 192 0 913.2 895.3 90 32.068218236
"534" 289 0 0 192 0 913.2 895.3 3 11.654902304
"535" 393 0 0 192 0 940.6 785.6 3 19.199148696
"536" 393 0 0 192 0 940.6 785.6 90 48.846616696
"537" 393 0 0 192 0 940.6 785.6 28 39.604880392
"538" 480 0 0 192 0 936.2 712.2 28 43.942373908
"539" 480 0 0 192 0 936.2 712.2 7 34.569637164
"540" 480 0 0 192 0 936.2 712.2 90 54.315540328
"541" 480 0 0 192 0 936.2 712.2 3 24.404692496
"542" 333 0 0 192 0 931.2 842.6 3 15.615941924
"543" 255 0 0 192 0 889.8 945 90 21.859147104
"544" 255 0 0 192 0 889.8 945 7 10.222171176
"545" 289 0 0 192 0 913.2 895.3 7 14.596896396
"546" 255 0 0 192 0 889.8 945 28 18.746162964
"547" 333 0 0 192 0 931.2 842.6 28 31.966865264
"548" 333 0 0 192 0 931.2 842.6 7 23.404952296
"549" 289 0 0 192 0 913.2 895.3 28 25.573354316
"550" 333 0 0 192 0 931.2 842.6 90 41.680203152
"551" 393 0 0 192 0 940.6 785.6 7 27.742445812
"552" 255 0 0 192 0 889.8 945 3 8.204074924
"553" 158.8 238.2 0 185.7 0 1040.6 734.3 7 9.617500724
"554" 239.6 359.4 0 185.7 0 941.6 664.3 7 25.422359072
"555" 238.2 158.8 0 185.7 0 1040.6 734.3 7 15.691094808
"556" 181.9 272.8 0 185.7 0 1012.4 714.3 28 27.935499092
"557" 193.5 290.2 0 185.7 0 998.2 704.3 28 32.626693796
"558" 255.5 170.3 0 185.7 0 1026.6 724.3 7 17.236210524
"559" 272.8 181.9 0 185.7 0 1012.4 714.3 7 19.765208492
"560" 239.6 359.4 0 185.7 0 941.6 664.3 28 39.435269296
"561" 220.8 147.2 0 185.7 0 1055 744.3 28 25.74503384
"562" 397 0 0 185.7 0 1040.6 734.3 28 33.082437432
"563" 382.5 0 0 185.7 0 1047.8 739.3 7 24.065470304
"564" 210.7 316.1 0 185.7 0 977 689.3 7 21.819846972
"565" 158.8 238.2 0 185.7 0 1040.6 734.3 28 21.066249704
"566" 295.8 0 0 185.7 0 1091.4 769.3 7 14.843728804
"567" 255.5 170.3 0 185.7 0 1026.6 724.3 28 32.051670812
"568" 203.5 135.7 0 185.7 0 1076.2 759.3 7 11.957582268
"569" 397 0 0 185.7 0 1040.6 734.3 7 25.447869684
"570" 381.4 0 0 185.7 0 1104.6 784.3 28 22.489328168
"571" 295.8 0 0 185.7 0 1091.4 769.3 28 25.216895224
"572" 228 342.1 0 185.7 0 955.8 674.3 28 39.699338604
"573" 220.8 147.2 0 185.7 0 1055 744.3 7 13.089012384
"574" 316.1 210.7 0 185.7 0 977 689.3 28 38.70028788
"575" 135.7 203.5 0 185.7 0 1076.2 759.3 7 7.507014688
"576" 238.1 0 0 185.7 0 1118.8 789.3 28 17.576122192
"577" 339.2 0 0 185.7 0 1069.2 754.3 7 21.179323768
"578" 135.7 203.5 0 185.7 0 1076.2 759.3 28 18.19871902
"579" 193.5 290.2 0 185.7 0 998.2 704.3 7 17.200357772
"580" 203.5 135.7 0 185.7 0 1076.2 759.3 28 22.629981272
"581" 290.2 193.5 0 185.7 0 998.2 704.3 7 21.859147104
"582" 181.9 272.8 0 185.7 0 1012.4 714.3 7 12.37264682
"583" 170.3 155.5 0 185.7 0 1026.6 724.3 28 25.726417988
"584" 210.7 316.1 0 185.7 0 977 689.3 28 37.813621744
"585" 228 342.1 0 185.7 0 955.8 674.3 7 21.917063088
"586" 290.2 193.5 0 185.7 0 998.2 704.3 28 33.0431373
"587" 381.4 0 0 185.7 0 1104.6 784.3 7 14.54104884
"588" 238.2 158.8 0 185.7 0 1040.6 734.3 28 26.91369566
"589" 186.2 124.1 0 185.7 0 1083.4 764.3 7 7.995853172
"590" 339.2 0 0 185.7 0 1069.2 754.3 28 31.899986092
"591" 238.1 0 0 185.7 0 1118.8 789.3 7 10.335934716
"592" 252.5 0 0 185.7 0 1111.6 784.3 28 19.765208492
"593" 382.5 0 0 185.7 0 1047.8 739.3 28 37.437857324
"594" 252.5 0 0 185.7 0 1111.6 784.3 7 11.483912256
"595" 316.1 210.7 0 185.7 0 977 689.3 7 24.437787344
"596" 186.2 124.1 0 185.7 0 1083.4 764.3 28 17.596806472
"597" 170.3 155.5 0 185.7 0 1026.6 724.3 7 10.730314988
"598" 272.8 181.9 0 185.7 0 1012.4 714.3 28 31.38150014
"599" 339 0 0 197 0 968 781 3 13.22414968
"600" 339 0 0 197 0 968 781 7 20.96696516
"601" 339 0 0 197 0 968 781 14 27.04124872
"602" 339 0 0 197 0 968 781 28 32.03994972
"603" 339 0 0 197 0 968 781 90 35.17017076
"604" 339 0 0 197 0 968 781 180 36.44570136
"605" 339 0 0 197 0 968 781 365 38.89334116
"606" 236 0 0 194 0 968 885 3 6.46728488
"607" 236 0 0 194 0 968 885 14 12.83804312
"608" 236 0 0 194 0 968 885 28 18.41590396
"609" 236 0 0 194 0 968 885 90 21.94602108
"610" 236 0 0 193 0 968 885 180 24.10408096
"611" 236 0 0 193 0 968 885 365 25.08313688
"612" 277 0 0 191 0 968 856 14 21.26343984
"613" 277 0 0 191 0 968 856 28 25.96566616
"614" 277 0 0 191 0 968 856 3 11.36256448
"615" 277 0 0 191 0 968 856 90 31.25394708
"616" 277 0 0 191 0 968 856 180 32.32952964
"617" 277 0 0 191 0 968 856 360 33.70158688
"618" 254 0 0 198 0 968 863 3 9.307926
"619" 254 0 0 198 0 968 863 90 26.94472208
"620" 254 0 0 198 0 968 863 180 27.62730332
"621" 254 0 0 198 0 968 863 365 29.7853632
"622" 307 0 0 193 0 968 812 180 34.48758952
"623" 307 0 0 193 0 968 812 365 36.14922668
"624" 307 0 0 193 0 968 812 3 12.54156844
"625" 307 0 0 193 0 968 812 28 27.53077668
"626" 307 0 0 193 0 968 812 90 32.922479
"627" 236 0 0 193 0 968 885 7 9.99050724
"628" 200 0 0 180 0 1125 845 7 7.83934212
"629" 200 0 0 180 0 1125 845 28 12.24509376
"630" 225 0 0 181 0 1113 833 7 11.1695112
"631" 225 0 0 181 0 1113 833 28 17.3403214
"632" 325 0 0 184 0 1063 783 7 17.54026944
"633" 325 0 0 184 0 1063 783 28 30.57136584
"634" 275 0 0 183 0 1088 808 7 14.2032056
"635" 275 0 0 183 0 1088 808 28 24.49708228
"636" 300 0 0 184 0 1075 795 7 15.57526284
"637" 300 0 0 184 0 1075 795 28 26.84819544
"638" 375 0 0 186 0 1038 758 7 26.0621928
"639" 375 0 0 186 0 1038 758 28 38.21075992
"640" 400 0 0 187 0 1025 745 28 43.69898888
"641" 400 0 0 187 0 1025 745 7 30.14389072
"642" 250 0 0 182 0 1100 820 7 12.73462172
"643" 250 0 0 182 0 1100 820 28 20.87043852
"644" 350 0 0 186 0 1050 770 7 20.27748916
"645" 350 0 0 186 0 1050 770 28 34.29453624
"646" 203.5 305.3 0 203.5 0 963.4 630 7 19.539060364
"647" 250.2 166.8 0 203.5 0 977.6 694.1 90 47.714497104
"648" 157 236 0 192 0 935.4 781.2 90 43.377003588
"649" 141.3 212 0 203.5 0 971.8 748.5 28 29.89223198
"650" 166.8 250.2 0 203.5 0 975.6 692.6 3 6.902344236
"651" 122.6 183.9 0 203.5 0 958.2 800.1 90 33.192064116
"652" 183.9 122.6 0 203.5 0 959.2 800 3 4.903553312
"653" 102 153 0 192 0 887 942 3 4.565020596
"654" 102 153 0 192 0 887 942 90 25.460969728
"655" 122.6 183.9 0 203.5 0 958.2 800.1 28 24.290928956
"656" 166.8 250.2 0 203.5 0 975.6 692.6 28 33.947729812
"657" 200 133 0 192 0 965.4 806.2 3 11.41427518
"658" 108.3 162.4 0 203.5 0 938.2 849 28 20.593958644
"659" 305.3 203.5 0 203.5 0 965.4 631 7 25.893960656
"660" 108.3 162.4 0 203.5 0 938.2 849 90 29.231713972
"661" 116 173 0 192 0 909.8 891.9 90 31.023662096
"662" 141.3 212 0 203.5 0 971.8 748.5 7 10.3938507
"663" 157 236 0 192 0 935.4 781.2 28 33.664355176
"664" 133 200 0 192 0 927.4 839.2 28 27.874825204
"665" 250.2 166.8 0 203.5 0 977.6 694.1 7 19.35014394
"666" 173 116 0 192 0 946.8 856.8 7 11.392211948
"667" 192 288 0 192 0 929.8 716.1 3 12.788400848
"668" 192 288 0 192 0 929.8 716.1 28 39.321505756
"669" 153 102 0 192 0 888 943.1 3 4.782205536
"670" 288 192 0 192 0 932 717.8 3 16.10960674
"671" 305.3 203.5 0 203.5 0 965.4 631 28 43.377003588
"672" 236 157 0 192 0 972.6 749.1 7 20.416073836
"673" 173 116 0 192 0 946.8 856.8 3 6.940954892
"674" 212 141.3 0 203.5 0 973.4 750 7 15.0305768
"675" 236 157 0 192 0 972.6 749.1 3 13.5654403
"676" 183.9 122.6 0 203.5 0 959.2 800 90 32.53292506
"677" 166.8 250.2 0 203.5 0 975.6 692.6 7 15.748321316
"678" 102 153 0 192 0 887 942 7 7.675936308
"679" 288 192 0 192 0 932 717.8 28 38.804398756
"680" 212 141.3 0 203.5 0 973.4 750 28 33.003837168
"681" 102 153 0 192 0 887 942 28 17.275510656
"682" 173 116 0 192 0 946.8 856.8 28 24.281965768
"683" 183.9 122.6 0 203.5 0 959.2 800 28 24.046164976
"684" 133 200 0 192 0 927.4 839.2 90 36.588422892
"685" 192 288 0 192 0 929.8 716.1 90 50.732333556
"686" 133 200 0 192 0 927.4 839.2 7 13.664035368
"687" 305.3 203.5 0 203.5 0 965.4 631 3 14.143910664
"688" 236 157 0 192 0 972.6 749.1 90 47.782065752
"689" 108.3 162.4 0 203.5 0 938.2 849 3 2.331807832
"690" 157 236 0 192 0 935.4 781.2 7 16.889404096
"691" 288 192 0 192 0 932 717.8 7 23.523542168
"692" 212 141.3 0 203.5 0 973.4 750 3 6.8085755
"693" 212 141.3 0 203.5 0 973.4 750 90 39.70002808
"694" 153 102 0 192 0 888 943.1 28 17.96429718
"695" 236 157 0 192 0 972.6 749.1 28 32.88455782
"696" 116 173 0 192 0 909.8 891.9 28 22.347985588
"697" 183.9 122.6 0 203.5 0 959.2 800 7 10.787541496
"698" 108.3 162.4 0 203.5 0 938.2 849 7 7.723510152
"699" 203.5 305.3 0 203.5 0 963.4 630 28 41.684340008
"700" 203.5 305.3 0 203.5 0 963.4 630 3 9.561653168
"701" 133 200 0 192 0 927.4 839.2 3 6.883728384
"702" 288 192 0 192 0 932 717.8 90 50.526869708
"703" 200 133 0 192 0 965.4 806.2 7 17.165883972
"704" 200 133 0 192 0 965.4 806.2 28 30.439675924
"705" 250.2 166.8 0 203.5 0 977.6 694.1 3 9.731264264
"706" 122.6 183.9 0 203.5 0 958.2 800.1 3 3.31982694
"707" 153 102 0 192 0 888 943.1 90 26.322814728
"708" 200 133 0 192 0 965.4 806.2 90 43.25082948
"709" 116 173 0 192 0 909.8 891.9 3 6.280436884
"710" 173 116 0 192 0 946.8 856.8 90 32.102692036
"711" 250.2 166.8 0 203.5 0 977.6 694.1 28 36.964187312
"712" 305.3 203.5 0 203.5 0 965.4 631 90 54.598914964
"713" 192 288 0 192 0 929.8 716.1 7 21.48062478
"714" 157 236 0 192 0 935.4 781.2 3 9.694722036
"715" 153 102 0 192 0 888 943.1 7 8.374375496
"716" 141.3 212 0 203.5 0 971.8 748.5 90 39.6621069
"717" 116 173 0 192 0 909.8 891.9 7 10.089791784
"718" 141.3 212 0 203.5 0 971.8 748.5 3 4.827710952
"719" 122.6 183.9 0 203.5 0 958.2 800.1 7 10.354550568
"720" 166.8 250.2 0 203.5 0 975.6 692.6 90 43.565230536
"721" 203.5 305.3 0 203.5 0 963.4 630 90 51.863763672
"722" 310 0 0 192 0 1012 830 3 11.85209244
"723" 310 0 0 192 0 1012 830 7 17.24379476
"724" 310 0 0 192 0 1012 830 28 27.82725136
"725" 310 0 0 192 0 1012 830 90 35.76312012
"726" 310 0 0 192 0 1012 830 120 38.70028788
"727" 331 0 0 192 0 1025 821 3 14.306627
"728" 331 0 0 192 0 1025 821 7 17.43684804
"729" 331 0 0 192 0 1025 821 28 31.74347504
"730" 331 0 0 192 0 1025 821 90 37.91428524
"731" 331 0 0 192 0 1025 821 120 39.38286912
"732" 349 0 0 192 0 1056 809 3 15.87173752
"733" 349 0 0 192 0 1056 809 7 9.01145132
"734" 349 0 0 192 0 1056 809 28 33.60506024
"735" 349 0 0 192 0 1056 809 90 40.65839972
"736" 349 0 0 192 0 1056 809 120 40.85834776
"737" 238 0 0 186 0 1119 789 7 12.05204048
"738" 238 0 0 186 0 1119 789 28 17.54026944
"739" 296 0 0 186 0 1090 769 7 18.91232668
"740" 296 0 0 186 0 1090 769 28 25.17966352
"741" 297 0 0 186 0 1040 734 7 30.9574724
"742" 480 0 0 192 0 936 721 28 43.89204216
"743" 480 0 0 192 0 936 721 90 54.27555072
"744" 397 0 0 186 0 1040 734 28 36.93522932
"745" 281 0 0 186 0 1104 774 7 14.49968028
"746" 281 0 0 185 0 1104 774 28 22.43554904
"747" 500 0 0 200 0 1125 613 1 12.63809508
"748" 500 0 0 200 0 1125 613 3 26.0621928
"749" 500 0 0 200 0 1125 613 7 33.21205892
"750" 500 0 0 200 0 1125 613 14 36.93522932
"751" 500 0 0 200 0 1125 613 28 44.0919902
"752" 540 0 0 173 0 1125 613 7 52.61391356
"753" 540 0 0 173 0 1125 613 14 59.76377968
"754" 540 0 0 173 0 1125 613 28 67.30664712
"755" 540 0 0 173 0 1125 613 90 69.65776028
"756" 540 0 0 173 0 1125 613 180 71.62276688
"757" 540 0 0 173 0 1125 613 270 74.16693332
"758" 350 0 0 203 0 974 775 7 18.12632404
"759" 350 0 0 203 0 974 775 14 22.53207568
"760" 350 0 0 203 0 974 775 28 27.3377234
"761" 350 0 0 203 0 974 775 56 29.97841648
"762" 350 0 0 203 0 974 775 90 31.35047372
"763" 350 0 0 203 0 974 775 180 32.72253096
"764" 385 0 0 186 0 966 763 1 6.26733684
"765" 385 0 0 186 0 966 763 3 14.69962832
"766" 385 0 0 186 0 966 763 7 23.22155168
"767" 385 0 0 186 0 966 763 14 27.923778
"768" 385 0 0 186 0 966 763 28 31.35047372
"769" 331 0 0 192 0 978 825 180 38.99676256
"770" 331 0 0 192 0 978 825 360 41.24445432
"771" 349 0 0 192 0 1047 806 3 14.98920824
"772" 331 0 0 192 0 978 825 3 13.52062436
"773" 382 0 0 186 0 1047 739 7 24.00065956
"774" 382 0 0 186 0 1047 739 28 37.42475728
"775" 382 0 0 186 0 1111 784 7 11.46598588
"776" 281 0 0 186 0 1104 774 28 22.43554904
"777" 339 0 0 185 0 1069 754 7 21.16001844
"778" 339 0 0 185 0 1069 754 28 31.84000168
"779" 295 0 0 185 0 1069 769 7 14.79615496
"780" 295 0 0 185 0 1069 769 28 25.17966352
"781" 238 0 0 185 0 1118 789 28 17.54026944
"782" 296 0 0 192 0 1085 765 7 14.2032056
"783" 296 0 0 192 0 1085 765 28 21.6495464
"784" 296 0 0 192 0 1085 765 90 29.39236188
"785" 331 0 0 192 0 879 825 3 13.52062436
"786" 331 0 0 192 0 978 825 7 16.26473884
"787" 331 0 0 192 0 978 825 28 31.44700036
"788" 331 0 0 192 0 978 825 90 37.231704
"789" 349 0 0 192 0 1047 806 7 18.12632404
"790" 349 0 0 192 0 1047 806 28 32.72253096
"791" 349 0 0 192 0 1047 806 90 39.48629052
"792" 349 0 0 192 0 1047 806 180 41.05140104
"793" 349 0 0 192 0 1047 806 360 42.1269836
"794" 302 0 0 203 0 974 817 14 18.12632404
"795" 302 0 0 203 0 974 817 180 26.74477404
"796" 525 0 0 189 0 1125 613 180 61.92183956
"797" 500 0 0 200 0 1125 613 90 47.22221124
"798" 500 0 0 200 0 1125 613 180 51.04190828
"799" 500 0 0 200 0 1125 613 270 55.15808
"800" 540 0 0 173 0 1125 613 3 41.63745564
"801" 252 0 0 185 0 1111 784 7 13.71367764
"802" 252 0 0 185 0 1111 784 28 19.69143456
"803" 339 0 0 185 0 1060 754 28 31.6469484
"804" 393 0 0 192 0 940 758 3 19.10537996
"805" 393 0 0 192 0 940 758 28 39.58281716
"806" 393 0 0 192 0 940 758 90 48.79421652
"807" 382 0 0 185 0 1047 739 7 24.00065956
"808" 382 0 0 185 0 1047 739 28 37.42475728
"809" 252 0 0 186 0 1111 784 7 11.46598588
"810" 252 0 0 185 0 1111 784 28 19.69143456
"811" 310 0 0 192 0 970 850 7 14.98920824
"812" 310 0 0 192 0 970 850 28 27.923778
"813" 310 0 0 192 0 970 850 90 34.6806428
"814" 310 0 0 192 0 970 850 180 37.32823064
"815" 310 0 0 192 0 970 850 360 38.11423328
"816" 525 0 0 189 0 1125 613 3 33.79811352
"817" 525 0 0 189 0 1125 613 7 42.42345828
"818" 525 0 0 189 0 1125 613 14 48.4012152
"819" 525 0 0 189 0 1125 613 28 55.94408264
"820" 525 0 0 189 0 1125 613 90 58.78472376
"821" 525 0 0 189 0 1125 613 270 67.11359384
"822" 322 0 0 203 0 974 800 14 20.77391188
"823" 322 0 0 203 0 974 800 28 25.17966352
"824" 322 0 0 203 0 974 800 180 29.58541516
"825" 302 0 0 203 0 974 817 28 21.7529678
"826" 397 0 0 185 0 1040 734 28 39.0932892
"827" 480 0 0 192 0 936 721 3 24.39366088
"828" 522 0 0 146 0 896 896 7 50.51101176
"829" 522 0 0 146 0 896 896 28 74.98740976
"830" 273 105 82 210 9 904 680 28 37.16965116
"831" 162 190 148 179 19 838 741 28 33.75674496
"832" 154 144 112 220 10 923 658 28 16.49916068
"833" 147 115 89 202 9 860 829 28 19.98790924
"834" 152 178 139 168 18 944 695 28 36.34917472
"835" 310 143 111 168 22 914 651 28 33.68779736
"836" 144 0 175 158 18 943 844 28 15.41668336
"837" 304 140 0 214 6 895 722 28 33.41890172
"838" 374 0 0 190 7 1013 730 28 39.05192064
"839" 159 149 116 175 15 953 720 28 27.67556664
"840" 153 239 0 200 6 1002 684 28 26.8550902
"841" 310 143 0 168 10 914 804 28 45.2985732
"842" 305 0 100 196 10 959 705 28 30.12320644
"843" 151 0 184 167 12 991 772 28 15.56836808
"844" 142 167 130 174 11 883 785 28 44.6090972
"845" 298 137 107 201 6 878 655 28 53.52402188
"846" 321 164 0 190 5 870 774 28 57.21271848
"847" 366 187 0 191 7 824 757 28 65.90701084
"848" 280 129 100 172 9 825 805 28 52.82075636
"849" 252 97 76 194 8 835 821 28 33.39821744
"850" 165 0 150 182 12 1023 729 28 18.0297974
"851" 156 243 0 180 11 1022 698 28 37.36270444
"852" 160 188 146 203 11 829 710 28 32.83974188
"853" 298 0 107 186 6 879 815 28 42.63719584
"854" 318 0 126 210 6 861 737 28 40.0585556
"855" 287 121 94 188 9 904 696 28 41.94082508
"856" 326 166 0 174 9 882 790 28 61.23236356
"857" 356 0 142 193 11 801 778 28 40.86524252
"858" 132 207 161 179 5 867 736 28 33.3016908
"859" 322 149 0 186 8 951 709 28 52.42086028
"860" 164 0 200 181 13 849 846 28 15.08573488
"861" 314 0 113 170 10 925 783 28 38.45897128
"862" 321 0 128 182 11 870 780 28 37.25928304
"863" 140 164 128 237 6 869 656 28 35.22532884
"864" 288 121 0 177 7 908 829 28 42.13387836
"865" 298 0 107 210 11 880 744 28 31.87447548
"866" 265 111 86 195 6 833 790 28 41.540929
"867" 160 250 0 168 12 1049 688 28 39.45181672
"868" 166 260 0 183 13 859 827 28 37.91428524
"869" 276 116 90 180 9 870 768 28 44.27814872
"870" 322 0 116 196 10 818 813 28 31.17810472
"871" 149 139 109 193 6 892 780 28 23.69039536
"872" 159 187 0 176 11 990 789 28 32.76389952
"873" 261 100 78 201 9 864 761 28 32.39847724
"874" 237 92 71 247 6 853 695 28 28.62704352
"875" 313 0 113 178 8 1002 689 28 36.80422888
"876" 155 183 0 193 9 1047 697 28 18.28490352
"877" 146 230 0 202 3 827 872 28 33.0603742
"878" 296 0 107 221 11 819 778 28 31.41942132
"879" 133 210 0 196 3 949 795 28 31.02642
"880" 313 145 0 178 8 867 824 28 44.38846488
"881" 152 0 112 184 8 992 816 28 12.17614616
"882" 153 145 113 178 8 1002 689 28 25.55887532
"883" 140 133 103 200 7 916 753 28 36.4388066
"884" 149 236 0 176 13 847 893 28 32.9569528
"885" 300 0 120 212 10 878 728 28 23.83518532
"886" 153 145 113 178 8 867 824 28 26.22766704
"887" 148 0 137 158 16 1002 830 28 17.95395504
"888" 326 0 138 199 11 801 792 28 40.679084
"889" 153 145 0 178 8 1000 822 28 19.00885332
"890" 262 111 86 195 5 895 733 28 33.7153764
"891" 158 0 195 220 11 898 713 28 8.53571288
"892" 151 0 185 167 16 1074 678 28 13.45857152
"893" 273 0 90 199 11 931 762 28 32.23989776
"894" 149 118 92 183 7 953 780 28 23.51802636
"895" 143 169 143 191 8 967 643 28 29.72331036
"896" 260 101 78 171 10 936 763 28 49.77327244
"897" 313 161 0 178 10 917 759 28 52.44154456
"898" 284 120 0 168 7 970 794 28 40.93419012
"899" 336 0 0 182 3 986 817 28 44.86420332
"900" 145 0 134 181 11 979 812 28 13.19657064
"901" 150 237 0 174 12 1069 675 28 37.43165204
"902" 144 170 133 192 8 814 805 28 29.86810032
"903" 331 170 0 195 8 811 802 28 56.61287436
"904" 155 0 143 193 9 1047 697 28 12.45883132
"905" 155 183 0 193 9 877 868 28 23.786922
"906" 135 0 166 180 10 961 805 28 13.29309728
"907" 266 112 87 178 10 910 745 28 39.41734292
"908" 314 145 113 179 8 869 690 28 46.2293658
"909" 313 145 0 127 8 1000 822 28 44.51946532
"910" 146 173 0 182 3 986 817 28 23.73865868
"911" 144 136 106 178 7 941 774 28 26.14492992
"912" 148 0 182 181 15 839 884 28 15.52010476
"913" 277 117 91 191 7 946 666 28 43.5748832
"914" 298 0 107 164 13 953 784 28 35.85964676
"915" 313 145 0 178 8 1002 689 28 41.05140104
"916" 155 184 143 194 9 880 699 28 28.98557104
"917" 289 134 0 195 6 924 760 28 46.24315532
"918" 148 175 0 171 2 1000 828 28 26.91714304
"919" 145 0 179 202 8 824 869 28 10.53519328
"920" 313 0 0 178 8 1000 822 28 25.0969264
"921" 136 162 126 172 10 923 764 28 29.06830816
"922" 155 0 143 193 9 877 868 28 9.73540112
"923" 255 99 77 189 6 919 749 28 33.79811352
"924" 162 207 172 216 10 822 638 28 39.84481804
"925" 136 196 98 199 6 847 783 28 26.96540636
"926" 164 163 128 197 8 961 641 28 27.234302
"927" 162 214 164 202 10 820 680 28 30.6472082
"928" 157 214 152 200 9 819 704 28 33.05347944
"929" 149 153 194 192 8 935 623 28 24.5798194
"930" 135 105 193 196 6 965 643 28 21.91154728
"931" 159 209 161 201 7 848 669 28 30.88163004
"932" 144 15 195 176 6 1021 709 28 15.340841
"933" 154 174 185 228 7 845 612 28 24.3385028
"934" 167 187 195 185 7 898 636 28 23.8903434
"935" 184 86 190 213 6 923 623 28 22.93197176
"936" 156 178 187 221 7 854 614 28 29.41304616
"937" 236.9 91.7 71.5 246.9 6 852.9 695.4 28 28.629801424
"938" 313.3 0 113 178.5 8 1001.9 688.7 28 36.804918356
"939" 154.8 183.4 0 193.3 9.1 1047.4 696.7 28 18.287661424
"940" 145.9 230.5 0 202.5 3.4 827 871.8 28 32.720462532
"941" 296 0 106.7 221.4 10.5 819.2 778.4 28 31.420110796
"942" 133.1 210.2 0 195.7 3.1 949.4 795.3 28 28.937997196
"943" 313.3 145 0 178.5 8 867.2 824 28 40.925226932
"944" 151.6 0 111.9 184.4 7.9 992 815.9 28 12.180972492
"945" 153.1 145 113 178.5 8 1001.9 688.7 28 25.559564796
"946" 139.9 132.6 103.3 200.3 7.4 916 753.4 28 36.443632932
"947" 149.5 236 0 175.8 12.6 846.8 892.7 28 32.96384756
"948" 299.8 0 119.8 211.5 9.9 878.2 727.6 28 23.835874796
"949" 153.1 145 113 178.5 8 867.2 824 28 26.233182848
"950" 148.1 0 136.6 158.1 16.1 1001.8 830.1 28 17.959470848
"951" 326.5 0 137.9 199 10.8 801.1 792.5 28 38.630650804
"952" 152.7 144.7 0 178.1 8 999.7 822.2 28 19.009542796
"953" 261.9 110.5 86.1 195.4 5 895.2 732.6 28 33.71882378
"954" 158.4 0 194.9 219.7 11 897.7 712.9 28 8.536402356
"955" 150.7 0 185.3 166.7 15.6 1074.5 678 28 13.461329424
"956" 272.6 0 89.6 198.7 10.6 931.3 762.2 28 32.245413568
"957" 149 117.6 91.7 182.9 7.1 953.4 780.3 28 23.524231644
"958" 143 169.4 142.7 190.7 8.4 967.4 643.5 28 29.726068264
"959" 259.9 100.6 78.4 170.6 10.4 935.7 762.9 28 49.77327244
"960" 312.9 160.5 0 177.6 9.6 916.6 759.5 28 52.446370892
"961" 284 119.7 0 168.3 7.2 970.4 794.2 28 40.934879596
"962" 336.5 0 0 181.9 3.4 985.8 816.8 28 44.868340176
"963" 144.8 0 133.6 180.8 11.1 979.5 811.5 28 13.202086448
"964" 150 236.8 0 173.8 11.9 1069.3 674.8 28 37.43165204
"965" 143.7 170.2 132.6 191.6 8.5 814.1 805.3 28 29.870858224
"966" 330.5 169.6 0 194.9 8.1 811 802.3 28 56.619079644
"967" 154.8 0 142.8 193.3 9.1 1047.4 696.7 28 12.459520796
"968" 154.8 183.4 0 193.3 9.1 877.2 867.7 28 23.786922
"969" 134.7 0 165.7 180.2 10 961 804.9 28 13.293786756
"970" 266.2 112.3 87.5 177.9 10.4 909.7 744.5 28 39.421479776
"971" 314 145.3 113.2 178.9 8 869.1 690.2 28 46.234192132
"972" 312.7 144.7 0 127.3 8 999.7 822.2 28 44.523602176
"973" 145.7 172.6 0 181.9 3.4 985.8 816.8 28 23.744174488
"974" 143.8 136.3 106.2 178.1 7.5 941.5 774.3 28 26.147687824
"975" 148.1 0 182.1 181.4 15 838.9 884.3 28 15.526310044
"976" 277 116.8 91 190.6 7 946.5 665.6 28 43.57833058
"977" 298.1 0 107.5 163.6 12.8 953.2 784 28 35.865852044
"978" 313.3 145 0 178.5 8 1001.9 688.7 28 41.053469468
"979" 155.2 183.9 143.2 193.8 9.2 879.6 698.5 28 28.991086848
"980" 289 133.7 0 194.9 5.5 924.1 760.1 28 46.247292176
"981" 147.8 175.1 0 171.2 2.2 1000 828.5 28 26.922658848
"982" 145.4 0 178.9 201.7 7.8 824 868.7 28 10.535882756
"983" 312.7 0 0 178.1 8 999.7 822.2 28 25.10382116
"984" 136.4 161.6 125.8 171.6 10.4 922.6 764.4 28 29.073134492
"985" 154.8 0 142.8 193.3 9.1 877.2 867.7 28 9.738159024
"986" 255.3 98.8 77 188.6 6.5 919 749.3 28 33.798802996
"987" 272.8 105.1 81.8 209.7 9 904 679.7 28 37.171030112
"988" 162 190.1 148.1 178.8 18.8 838.1 741.4 28 33.762260768
"989" 153.6 144.2 112.3 220.1 10.1 923.2 657.9 28 16.503987012
"990" 146.5 114.6 89.3 201.9 8.8 860 829.5 28 19.98790924
"991" 151.8 178.1 138.7 167.5 18.3 944 694.6 28 36.349864196
"992" 309.9 142.8 111.2 167.8 22.1 913.9 651.2 28 38.215586252
"993" 143.6 0 174.9 158.4 17.9 942.7 844.5 28 15.42357812
"994" 303.6 139.9 0 213.5 6.2 895.5 722.5 28 33.419591196
"995" 374.3 0 0 190.2 6.7 1013.2 730.4 28 39.056057496
"996" 158.6 148.9 116 175.1 15 953.3 719.7 28 27.681082448
"997" 152.6 238.7 0 200 6.3 1001.8 683.9 28 26.859916532
"998" 310 142.8 0 167.9 10 914.3 804 28 45.304778484
"999" 304.8 0 99.6 196 9.8 959.4 705.2 28 30.12320644
"1000" 150.9 0 183.9 166.6 11.6 991.2 772.2 28 15.569747032
"1001" 141.9 166.6 129.7 173.5 10.9 882.6 785.3 28 44.611855104
"1002" 297.8 137.2 106.9 201.3 6 878.4 655.3 28 53.524711356
"1003" 321.3 164.2 0 190.5 4.6 870 774 28 57.218234288
"1004" 366 187 0 191.3 6.6 824.3 756.9 28 65.909079268
"1005" 279.8 128.9 100.4 172.4 9.5 825.1 804.9 28 52.826961644
"1006" 252.1 97.1 75.6 193.8 8.3 835.5 821.4 28 33.399596392
"1007" 164.6 0 150.4 181.6 11.7 1023.3 728.9 28 18.033934256
"1008" 155.6 243.5 0 180.3 10.7 1022 697.7 28 37.363393916
"1009" 160.2 188 146.4 203.2 11.3 828.7 709.7 28 35.314271244
"1010" 298.1 0 107 186.4 6.1 879 815.2 28 42.6440906
"1011" 317.9 0 126.5 209.7 5.7 860.5 736.6 28 40.06200298
"1012" 287.3 120.5 93.9 187.6 9.2 904.4 695.9 28 43.798273424
"1013" 325.6 166.4 0 174 8.9 881.6 790 28 61.23581094
"1014" 355.9 0 141.6 193.3 11 801.4 778.4 28 40.8686899
"1015" 132 206.5 160.9 178.9 5.5 866.9 735.6 28 33.306517132
"1016" 322.5 148.6 0 185.8 8.5 951 709.5 28 52.426376088
"1017" 164.2 0 200.1 181.2 12.6 849.3 846 28 15.091250688
"1018" 313.8 0 112.6 169.9 10.1 925.3 782.9 28 38.461039708
"1019" 321.4 0 127.9 182.5 11.5 870.1 779.7 28 37.265488324
"1020" 139.7 163.9 127.7 236.7 5.8 868.6 655.6 28 35.22532884
"1021" 288.4 121 0 177.4 7 907.9 829.5 28 42.140083644
"1022" 298.2 0 107 209.7 11.1 879.6 744.2 28 31.875164956
"1023" 264.5 111 86.5 195.5 5.9 832.6 790.4 28 41.542307952
"1024" 159.8 250 0 168.4 12.2 1049.3 688.2 28 39.455953576
"1025" 166 259.7 0 183.2 12.7 858.8 826.8 28 37.917043144
"1026" 276.4 116 90.3 179.6 8.9 870.1 768.3 28 44.284354004
"1027" 322.2 0 115.6 196 10.4 817.9 813.4 28 31.178794196
"1028" 148.5 139.4 108.6 192.7 6.1 892.4 780 28 23.696600644
"1029" 159.1 186.7 0 175.6 11.3 989.6 788.9 28 32.768036376
"1030" 260.9 100.5 78.3 200.6 8.6 864.5 761.5 28 32.401235144
